/*--------------------------------*- C++ -*----------------------------------*\
| =========                 |                                                 |
| \\      /  F ield         | OpenFOAM: The Open Source CFD Toolbox           |
|  \\    /   O peration     | Version:  2.3.x                                 |
|   \\  /    A nd           | Web:      www.OpenFOAM.org                      |
|    \\/     M anipulation  |                                                 |
\*---------------------------------------------------------------------------*/
FoamFile
{
    version     2.0;
    format      ascii;
    class       faceList;
    location    "constant/polyMesh";
    object      faces;
}
// * * * * * * * * * * * * * * * * * * * * * * * * * * * * * * * * * * * * * //


1482
(
4(1 14 144 131)
4(13 143 144 14)
4(2 15 145 132)
4(14 144 145 15)
4(3 16 146 133)
4(15 145 146 16)
4(4 17 147 134)
4(16 146 147 17)
4(5 18 148 135)
4(17 147 148 18)
4(6 19 149 136)
4(18 148 149 19)
4(7 20 150 137)
4(19 149 150 20)
4(8 21 151 138)
4(20 150 151 21)
4(9 22 152 139)
4(21 151 152 22)
4(10 23 153 140)
4(22 152 153 23)
4(11 24 154 141)
4(23 153 154 24)
4(24 154 155 25)
4(14 27 157 144)
4(26 156 157 27)
4(15 28 158 145)
4(27 157 158 28)
4(16 29 159 146)
4(28 158 159 29)
4(17 30 160 147)
4(29 159 160 30)
4(18 31 161 148)
4(30 160 161 31)
4(19 32 162 149)
4(31 161 162 32)
4(20 33 163 150)
4(32 162 163 33)
4(21 34 164 151)
4(33 163 164 34)
4(22 35 165 152)
4(34 164 165 35)
4(23 36 166 153)
4(35 165 166 36)
4(24 37 167 154)
4(36 166 167 37)
4(37 167 168 38)
4(27 40 170 157)
4(39 169 170 40)
4(28 41 171 158)
4(40 170 171 41)
4(29 42 172 159)
4(41 171 172 42)
4(30 43 173 160)
4(42 172 173 43)
4(31 44 174 161)
4(43 173 174 44)
4(32 45 175 162)
4(44 174 175 45)
4(33 46 176 163)
4(45 175 176 46)
4(34 47 177 164)
4(46 176 177 47)
4(35 48 178 165)
4(47 177 178 48)
4(36 49 179 166)
4(48 178 179 49)
4(37 50 180 167)
4(49 179 180 50)
4(50 180 181 51)
4(40 53 183 170)
4(52 182 183 53)
4(41 54 184 171)
4(53 183 184 54)
4(42 55 185 172)
4(54 184 185 55)
4(43 56 186 173)
4(55 185 186 56)
4(44 57 187 174)
4(56 186 187 57)
4(45 58 188 175)
4(57 187 188 58)
4(46 59 189 176)
4(58 188 189 59)
4(47 60 190 177)
4(59 189 190 60)
4(48 61 191 178)
4(60 190 191 61)
4(49 62 192 179)
4(61 191 192 62)
4(50 63 193 180)
4(62 192 193 63)
4(63 193 194 64)
4(53 66 196 183)
4(65 195 196 66)
4(54 67 197 184)
4(66 196 197 67)
4(55 68 198 185)
4(67 197 198 68)
4(56 69 199 186)
4(68 198 199 69)
4(57 70 200 187)
4(69 199 200 70)
4(58 71 201 188)
4(70 200 201 71)
4(59 72 202 189)
4(71 201 202 72)
4(60 73 203 190)
4(72 202 203 73)
4(61 74 204 191)
4(73 203 204 74)
4(62 75 205 192)
4(74 204 205 75)
4(63 76 206 193)
4(75 205 206 76)
4(76 206 207 77)
4(66 79 209 196)
4(78 208 209 79)
4(67 80 210 197)
4(79 209 210 80)
4(68 81 211 198)
4(80 210 211 81)
4(69 82 212 199)
4(81 211 212 82)
4(70 83 213 200)
4(82 212 213 83)
4(71 84 214 201)
4(83 213 214 84)
4(72 85 215 202)
4(84 214 215 85)
4(73 86 216 203)
4(85 215 216 86)
4(74 87 217 204)
4(86 216 217 87)
4(75 88 218 205)
4(87 217 218 88)
4(76 89 219 206)
4(88 218 219 89)
4(89 219 220 90)
4(79 92 222 209)
4(91 221 222 92)
4(80 93 223 210)
4(92 222 223 93)
4(81 94 224 211)
4(93 223 224 94)
4(82 95 225 212)
4(94 224 225 95)
4(83 96 226 213)
4(95 225 226 96)
4(84 97 227 214)
4(96 226 227 97)
4(85 98 228 215)
4(97 227 228 98)
4(86 99 229 216)
4(98 228 229 99)
4(87 100 230 217)
4(99 229 230 100)
4(88 101 231 218)
4(100 230 231 101)
4(89 102 232 219)
4(101 231 232 102)
4(102 232 233 103)
4(92 105 235 222)
4(104 234 235 105)
4(93 106 236 223)
4(105 235 236 106)
4(94 107 237 224)
4(106 236 237 107)
4(95 108 238 225)
4(107 237 238 108)
4(96 109 239 226)
4(108 238 239 109)
4(97 110 240 227)
4(109 239 240 110)
4(98 111 241 228)
4(110 240 241 111)
4(99 112 242 229)
4(111 241 242 112)
4(100 113 243 230)
4(112 242 243 113)
4(101 114 244 231)
4(113 243 244 114)
4(102 115 245 232)
4(114 244 245 115)
4(115 245 246 116)
4(105 118 248 235)
4(117 247 248 118)
4(106 119 249 236)
4(118 248 249 119)
4(107 120 250 237)
4(119 249 250 120)
4(108 121 251 238)
4(120 250 251 121)
4(109 122 252 239)
4(121 251 252 122)
4(110 123 253 240)
4(122 252 253 123)
4(111 124 254 241)
4(123 253 254 124)
4(112 125 255 242)
4(124 254 255 125)
4(113 126 256 243)
4(125 255 256 126)
4(114 127 257 244)
4(126 256 257 127)
4(115 128 258 245)
4(127 257 258 128)
4(128 258 259 129)
4(118 261 417 248)
4(260 416 417 261)
4(119 262 418 249)
4(261 417 418 262)
4(120 263 419 250)
4(262 418 419 263)
4(121 264 420 251)
4(263 419 420 264)
4(122 265 421 252)
4(264 420 421 265)
4(123 266 422 253)
4(265 421 422 266)
4(124 267 423 254)
4(266 422 423 267)
4(125 268 424 255)
4(267 423 424 268)
4(126 269 425 256)
4(268 424 425 269)
4(127 270 426 257)
4(269 425 426 270)
4(128 271 427 258)
4(270 426 427 271)
4(271 427 428 272)
4(129 272 428 259)
4(261 274 430 417)
4(273 429 430 274)
4(262 275 431 418)
4(274 430 431 275)
4(263 276 432 419)
4(275 431 432 276)
4(264 277 433 420)
4(276 432 433 277)
4(265 278 434 421)
4(277 433 434 278)
4(266 279 435 422)
4(278 434 435 279)
4(267 280 436 423)
4(279 435 436 280)
4(268 281 437 424)
4(280 436 437 281)
4(269 282 438 425)
4(281 437 438 282)
4(270 283 439 426)
4(282 438 439 283)
4(271 284 440 427)
4(283 439 440 284)
4(284 440 441 285)
4(272 285 441 428)
4(274 287 443 430)
4(286 442 443 287)
4(275 288 444 431)
4(287 443 444 288)
4(276 289 445 432)
4(288 444 445 289)
4(277 290 446 433)
4(289 445 446 290)
4(278 291 447 434)
4(290 446 447 291)
4(279 292 448 435)
4(291 447 448 292)
4(280 293 449 436)
4(292 448 449 293)
4(281 294 450 437)
4(293 449 450 294)
4(282 295 451 438)
4(294 450 451 295)
4(283 296 452 439)
4(295 451 452 296)
4(284 297 453 440)
4(296 452 453 297)
4(297 453 454 298)
4(285 298 454 441)
4(287 300 456 443)
4(299 455 456 300)
4(288 301 457 444)
4(300 456 457 301)
4(289 302 458 445)
4(301 457 458 302)
4(290 303 459 446)
4(302 458 459 303)
4(291 304 460 447)
4(303 459 460 304)
4(292 305 461 448)
4(304 460 461 305)
4(293 306 462 449)
4(305 461 462 306)
4(294 307 463 450)
4(306 462 463 307)
4(295 308 464 451)
4(307 463 464 308)
4(296 309 465 452)
4(308 464 465 309)
4(297 310 466 453)
4(309 465 466 310)
4(310 466 467 311)
4(298 311 467 454)
4(300 313 469 456)
4(312 468 469 313)
4(301 314 470 457)
4(313 469 470 314)
4(302 315 471 458)
4(314 470 471 315)
4(303 316 472 459)
4(315 471 472 316)
4(304 317 473 460)
4(316 472 473 317)
4(305 318 474 461)
4(317 473 474 318)
4(306 319 475 462)
4(318 474 475 319)
4(307 320 476 463)
4(319 475 476 320)
4(308 321 477 464)
4(320 476 477 321)
4(309 322 478 465)
4(321 477 478 322)
4(310 323 479 466)
4(322 478 479 323)
4(323 479 480 324)
4(311 324 480 467)
4(313 326 482 469)
4(325 481 482 326)
4(314 327 483 470)
4(326 482 483 327)
4(315 328 484 471)
4(327 483 484 328)
4(316 329 485 472)
4(328 484 485 329)
4(317 330 486 473)
4(329 485 486 330)
4(318 331 487 474)
4(330 486 487 331)
4(319 332 488 475)
4(331 487 488 332)
4(320 333 489 476)
4(332 488 489 333)
4(321 334 490 477)
4(333 489 490 334)
4(322 335 491 478)
4(334 490 491 335)
4(323 336 492 479)
4(335 491 492 336)
4(336 492 493 337)
4(324 337 493 480)
4(326 339 495 482)
4(338 494 495 339)
4(327 340 496 483)
4(339 495 496 340)
4(328 341 497 484)
4(340 496 497 341)
4(329 342 498 485)
4(341 497 498 342)
4(330 343 499 486)
4(342 498 499 343)
4(331 344 500 487)
4(343 499 500 344)
4(332 345 501 488)
4(344 500 501 345)
4(333 346 502 489)
4(345 501 502 346)
4(334 347 503 490)
4(346 502 503 347)
4(335 348 504 491)
4(347 503 504 348)
4(336 349 505 492)
4(348 504 505 349)
4(349 505 506 350)
4(337 350 506 493)
4(339 352 508 495)
4(351 507 508 352)
4(340 353 509 496)
4(352 508 509 353)
4(341 354 510 497)
4(353 509 510 354)
4(342 355 511 498)
4(354 510 511 355)
4(343 356 512 499)
4(355 511 512 356)
4(344 357 513 500)
4(356 512 513 357)
4(345 358 514 501)
4(357 513 514 358)
4(346 359 515 502)
4(358 514 515 359)
4(347 360 516 503)
4(359 515 516 360)
4(348 361 517 504)
4(360 516 517 361)
4(349 362 518 505)
4(361 517 518 362)
4(362 518 519 363)
4(350 363 519 506)
4(352 365 521 508)
4(364 520 521 365)
4(353 366 522 509)
4(365 521 522 366)
4(354 367 523 510)
4(366 522 523 367)
4(355 368 524 511)
4(367 523 524 368)
4(356 369 525 512)
4(368 524 525 369)
4(357 370 526 513)
4(369 525 526 370)
4(358 371 527 514)
4(370 526 527 371)
4(359 372 528 515)
4(371 527 528 372)
4(360 373 529 516)
4(372 528 529 373)
4(361 374 530 517)
4(373 529 530 374)
4(362 375 531 518)
4(374 530 531 375)
4(375 531 532 376)
4(363 376 532 519)
4(365 378 534 521)
4(377 533 534 378)
4(366 379 535 522)
4(378 534 535 379)
4(367 380 536 523)
4(379 535 536 380)
4(368 381 537 524)
4(380 536 537 381)
4(369 382 538 525)
4(381 537 538 382)
4(370 383 539 526)
4(382 538 539 383)
4(371 384 540 527)
4(383 539 540 384)
4(372 385 541 528)
4(384 540 541 385)
4(373 386 542 529)
4(385 541 542 386)
4(374 387 543 530)
4(386 542 543 387)
4(375 388 544 531)
4(387 543 544 388)
4(388 544 545 389)
4(376 389 545 532)
4(378 391 547 534)
4(390 546 547 391)
4(379 392 548 535)
4(391 547 548 392)
4(380 393 549 536)
4(392 548 549 393)
4(381 394 550 537)
4(393 549 550 394)
4(382 395 551 538)
4(394 550 551 395)
4(383 396 552 539)
4(395 551 552 396)
4(384 397 553 540)
4(396 552 553 397)
4(385 398 554 541)
4(397 553 554 398)
4(386 399 555 542)
4(398 554 555 399)
4(387 400 556 543)
4(399 555 556 400)
4(388 401 557 544)
4(400 556 557 401)
4(401 557 558 402)
4(389 402 558 545)
4(391 404 560 547)
4(392 405 561 548)
4(393 406 562 549)
4(394 407 563 550)
4(395 408 564 551)
4(396 409 565 552)
4(397 410 566 553)
4(398 411 567 554)
4(399 412 568 555)
4(400 413 569 556)
4(401 414 570 557)
4(402 415 571 558)
4(572 581 698 689)
4(272 428 698 581)
4(573 582 699 690)
4(581 698 699 582)
4(574 583 700 691)
4(582 699 700 583)
4(575 584 701 692)
4(583 700 701 584)
4(576 585 702 693)
4(584 701 702 585)
4(577 586 703 694)
4(585 702 703 586)
4(578 587 704 695)
4(586 703 704 587)
4(579 588 705 696)
4(587 704 705 588)
4(588 705 706 589)
4(581 590 707 698)
4(285 441 707 590)
4(582 591 708 699)
4(590 707 708 591)
4(583 592 709 700)
4(591 708 709 592)
4(584 593 710 701)
4(592 709 710 593)
4(585 594 711 702)
4(593 710 711 594)
4(586 595 712 703)
4(594 711 712 595)
4(587 596 713 704)
4(595 712 713 596)
4(588 597 714 705)
4(596 713 714 597)
4(597 714 715 598)
4(590 599 716 707)
4(298 454 716 599)
4(591 600 717 708)
4(599 716 717 600)
4(592 601 718 709)
4(600 717 718 601)
4(593 602 719 710)
4(601 718 719 602)
4(594 603 720 711)
4(602 719 720 603)
4(595 604 721 712)
4(603 720 721 604)
4(596 605 722 713)
4(604 721 722 605)
4(597 606 723 714)
4(605 722 723 606)
4(606 723 724 607)
4(599 608 725 716)
4(311 467 725 608)
4(600 609 726 717)
4(608 725 726 609)
4(601 610 727 718)
4(609 726 727 610)
4(602 611 728 719)
4(610 727 728 611)
4(603 612 729 720)
4(611 728 729 612)
4(604 613 730 721)
4(612 729 730 613)
4(605 614 731 722)
4(613 730 731 614)
4(606 615 732 723)
4(614 731 732 615)
4(615 732 733 616)
4(608 617 734 725)
4(324 480 734 617)
4(609 618 735 726)
4(617 734 735 618)
4(610 619 736 727)
4(618 735 736 619)
4(611 620 737 728)
4(619 736 737 620)
4(612 621 738 729)
4(620 737 738 621)
4(613 622 739 730)
4(621 738 739 622)
4(614 623 740 731)
4(622 739 740 623)
4(615 624 741 732)
4(623 740 741 624)
4(624 741 742 625)
4(617 626 743 734)
4(337 493 743 626)
4(618 627 744 735)
4(626 743 744 627)
4(619 628 745 736)
4(627 744 745 628)
4(620 629 746 737)
4(628 745 746 629)
4(621 630 747 738)
4(629 746 747 630)
4(622 631 748 739)
4(630 747 748 631)
4(623 632 749 740)
4(631 748 749 632)
4(624 633 750 741)
4(632 749 750 633)
4(633 750 751 634)
4(626 635 752 743)
4(350 506 752 635)
4(627 636 753 744)
4(635 752 753 636)
4(628 637 754 745)
4(636 753 754 637)
4(629 638 755 746)
4(637 754 755 638)
4(630 639 756 747)
4(638 755 756 639)
4(631 640 757 748)
4(639 756 757 640)
4(632 641 758 749)
4(640 757 758 641)
4(633 642 759 750)
4(641 758 759 642)
4(642 759 760 643)
4(635 644 761 752)
4(363 519 761 644)
4(636 645 762 753)
4(644 761 762 645)
4(637 646 763 754)
4(645 762 763 646)
4(638 647 764 755)
4(646 763 764 647)
4(639 648 765 756)
4(647 764 765 648)
4(640 649 766 757)
4(648 765 766 649)
4(641 650 767 758)
4(649 766 767 650)
4(642 651 768 759)
4(650 767 768 651)
4(651 768 769 652)
4(644 653 770 761)
4(376 532 770 653)
4(645 654 771 762)
4(653 770 771 654)
4(646 655 772 763)
4(654 771 772 655)
4(647 656 773 764)
4(655 772 773 656)
4(648 657 774 765)
4(656 773 774 657)
4(649 658 775 766)
4(657 774 775 658)
4(650 659 776 767)
4(658 775 776 659)
4(651 660 777 768)
4(659 776 777 660)
4(660 777 778 661)
4(653 662 779 770)
4(389 545 779 662)
4(654 663 780 771)
4(662 779 780 663)
4(655 664 781 772)
4(663 780 781 664)
4(656 665 782 773)
4(664 781 782 665)
4(657 666 783 774)
4(665 782 783 666)
4(658 667 784 775)
4(666 783 784 667)
4(659 668 785 776)
4(667 784 785 668)
4(660 669 786 777)
4(668 785 786 669)
4(669 786 787 670)
4(662 671 788 779)
4(402 558 788 671)
4(663 672 789 780)
4(671 788 789 672)
4(664 673 790 781)
4(672 789 790 673)
4(665 674 791 782)
4(673 790 791 674)
4(666 675 792 783)
4(674 791 792 675)
4(667 676 793 784)
4(675 792 793 676)
4(668 677 794 785)
4(676 793 794 677)
4(669 678 795 786)
4(677 794 795 678)
4(678 795 796 679)
4(671 680 797 788)
4(672 681 798 789)
4(673 682 799 790)
4(674 683 800 791)
4(675 684 801 792)
4(676 685 802 793)
4(677 686 803 794)
4(678 687 804 795)
4(403 559 560 404)
4(404 560 561 405)
4(405 561 562 406)
4(406 562 563 407)
4(407 563 564 408)
4(408 564 565 409)
4(409 565 566 410)
4(410 566 567 411)
4(411 567 568 412)
4(412 568 569 413)
4(413 569 570 414)
4(414 570 571 415)
4(415 571 797 680)
4(680 797 798 681)
4(681 798 799 682)
4(682 799 800 683)
4(683 800 801 684)
4(684 801 802 685)
4(685 802 803 686)
4(686 803 804 687)
4(687 804 805 688)
4(0 130 143 13)
4(13 143 156 26)
4(26 156 169 39)
4(39 169 182 52)
4(52 182 195 65)
4(65 195 208 78)
4(78 208 221 91)
4(91 221 234 104)
4(104 234 247 117)
4(117 247 416 260)
4(260 416 429 273)
4(273 429 442 286)
4(286 442 455 299)
4(299 455 468 312)
4(312 468 481 325)
4(325 481 494 338)
4(338 494 507 351)
4(351 507 520 364)
4(364 520 533 377)
4(377 533 546 390)
4(390 546 559 403)
4(580 589 706 697)
4(589 598 715 706)
4(598 607 724 715)
4(607 616 733 724)
4(616 625 742 733)
4(625 634 751 742)
4(634 643 760 751)
4(643 652 769 760)
4(652 661 778 769)
4(661 670 787 778)
4(670 679 796 787)
4(679 688 805 796)
4(129 572 689 259)
4(572 573 690 689)
4(573 574 691 690)
4(574 575 692 691)
4(575 576 693 692)
4(576 577 694 693)
4(577 578 695 694)
4(578 579 696 695)
4(579 580 697 696)
4(12 25 155 142)
4(25 38 168 155)
4(38 51 181 168)
4(51 64 194 181)
4(64 77 207 194)
4(77 90 220 207)
4(90 103 233 220)
4(103 116 246 233)
4(116 129 259 246)
4(0 1 131 130)
4(1 2 132 131)
4(2 3 133 132)
4(3 4 134 133)
4(4 5 135 134)
4(5 6 136 135)
4(6 7 137 136)
4(7 8 138 137)
4(8 9 139 138)
4(9 10 140 139)
4(10 11 141 140)
4(11 12 142 141)
4(0 13 14 1)
4(13 26 27 14)
4(26 39 40 27)
4(39 52 53 40)
4(52 65 66 53)
4(65 78 79 66)
4(78 91 92 79)
4(91 104 105 92)
4(104 117 118 105)
4(1 14 15 2)
4(14 27 28 15)
4(27 40 41 28)
4(40 53 54 41)
4(53 66 67 54)
4(66 79 80 67)
4(79 92 93 80)
4(92 105 106 93)
4(105 118 119 106)
4(2 15 16 3)
4(15 28 29 16)
4(28 41 42 29)
4(41 54 55 42)
4(54 67 68 55)
4(67 80 81 68)
4(80 93 94 81)
4(93 106 107 94)
4(106 119 120 107)
4(3 16 17 4)
4(16 29 30 17)
4(29 42 43 30)
4(42 55 56 43)
4(55 68 69 56)
4(68 81 82 69)
4(81 94 95 82)
4(94 107 108 95)
4(107 120 121 108)
4(4 17 18 5)
4(17 30 31 18)
4(30 43 44 31)
4(43 56 57 44)
4(56 69 70 57)
4(69 82 83 70)
4(82 95 96 83)
4(95 108 109 96)
4(108 121 122 109)
4(5 18 19 6)
4(18 31 32 19)
4(31 44 45 32)
4(44 57 58 45)
4(57 70 71 58)
4(70 83 84 71)
4(83 96 97 84)
4(96 109 110 97)
4(109 122 123 110)
4(6 19 20 7)
4(19 32 33 20)
4(32 45 46 33)
4(45 58 59 46)
4(58 71 72 59)
4(71 84 85 72)
4(84 97 98 85)
4(97 110 111 98)
4(110 123 124 111)
4(7 20 21 8)
4(20 33 34 21)
4(33 46 47 34)
4(46 59 60 47)
4(59 72 73 60)
4(72 85 86 73)
4(85 98 99 86)
4(98 111 112 99)
4(111 124 125 112)
4(8 21 22 9)
4(21 34 35 22)
4(34 47 48 35)
4(47 60 61 48)
4(60 73 74 61)
4(73 86 87 74)
4(86 99 100 87)
4(99 112 113 100)
4(112 125 126 113)
4(9 22 23 10)
4(22 35 36 23)
4(35 48 49 36)
4(48 61 62 49)
4(61 74 75 62)
4(74 87 88 75)
4(87 100 101 88)
4(100 113 114 101)
4(113 126 127 114)
4(10 23 24 11)
4(23 36 37 24)
4(36 49 50 37)
4(49 62 63 50)
4(62 75 76 63)
4(75 88 89 76)
4(88 101 102 89)
4(101 114 115 102)
4(114 127 128 115)
4(11 24 25 12)
4(24 37 38 25)
4(37 50 51 38)
4(50 63 64 51)
4(63 76 77 64)
4(76 89 90 77)
4(89 102 103 90)
4(102 115 116 103)
4(115 128 129 116)
4(117 260 261 118)
4(260 273 274 261)
4(273 286 287 274)
4(286 299 300 287)
4(299 312 313 300)
4(312 325 326 313)
4(325 338 339 326)
4(338 351 352 339)
4(351 364 365 352)
4(364 377 378 365)
4(377 390 391 378)
4(390 403 404 391)
4(118 261 262 119)
4(261 274 275 262)
4(274 287 288 275)
4(287 300 301 288)
4(300 313 314 301)
4(313 326 327 314)
4(326 339 340 327)
4(339 352 353 340)
4(352 365 366 353)
4(365 378 379 366)
4(378 391 392 379)
4(391 404 405 392)
4(119 262 263 120)
4(262 275 276 263)
4(275 288 289 276)
4(288 301 302 289)
4(301 314 315 302)
4(314 327 328 315)
4(327 340 341 328)
4(340 353 354 341)
4(353 366 367 354)
4(366 379 380 367)
4(379 392 393 380)
4(392 405 406 393)
4(120 263 264 121)
4(263 276 277 264)
4(276 289 290 277)
4(289 302 303 290)
4(302 315 316 303)
4(315 328 329 316)
4(328 341 342 329)
4(341 354 355 342)
4(354 367 368 355)
4(367 380 381 368)
4(380 393 394 381)
4(393 406 407 394)
4(121 264 265 122)
4(264 277 278 265)
4(277 290 291 278)
4(290 303 304 291)
4(303 316 317 304)
4(316 329 330 317)
4(329 342 343 330)
4(342 355 356 343)
4(355 368 369 356)
4(368 381 382 369)
4(381 394 395 382)
4(394 407 408 395)
4(122 265 266 123)
4(265 278 279 266)
4(278 291 292 279)
4(291 304 305 292)
4(304 317 318 305)
4(317 330 331 318)
4(330 343 344 331)
4(343 356 357 344)
4(356 369 370 357)
4(369 382 383 370)
4(382 395 396 383)
4(395 408 409 396)
4(123 266 267 124)
4(266 279 280 267)
4(279 292 293 280)
4(292 305 306 293)
4(305 318 319 306)
4(318 331 332 319)
4(331 344 345 332)
4(344 357 358 345)
4(357 370 371 358)
4(370 383 384 371)
4(383 396 397 384)
4(396 409 410 397)
4(124 267 268 125)
4(267 280 281 268)
4(280 293 294 281)
4(293 306 307 294)
4(306 319 320 307)
4(319 332 333 320)
4(332 345 346 333)
4(345 358 359 346)
4(358 371 372 359)
4(371 384 385 372)
4(384 397 398 385)
4(397 410 411 398)
4(125 268 269 126)
4(268 281 282 269)
4(281 294 295 282)
4(294 307 308 295)
4(307 320 321 308)
4(320 333 334 321)
4(333 346 347 334)
4(346 359 360 347)
4(359 372 373 360)
4(372 385 386 373)
4(385 398 399 386)
4(398 411 412 399)
4(126 269 270 127)
4(269 282 283 270)
4(282 295 296 283)
4(295 308 309 296)
4(308 321 322 309)
4(321 334 335 322)
4(334 347 348 335)
4(347 360 361 348)
4(360 373 374 361)
4(373 386 387 374)
4(386 399 400 387)
4(399 412 413 400)
4(127 270 271 128)
4(270 283 284 271)
4(283 296 297 284)
4(296 309 310 297)
4(309 322 323 310)
4(322 335 336 323)
4(335 348 349 336)
4(348 361 362 349)
4(361 374 375 362)
4(374 387 388 375)
4(387 400 401 388)
4(400 413 414 401)
4(128 271 272 129)
4(271 284 285 272)
4(284 297 298 285)
4(297 310 311 298)
4(310 323 324 311)
4(323 336 337 324)
4(336 349 350 337)
4(349 362 363 350)
4(362 375 376 363)
4(375 388 389 376)
4(388 401 402 389)
4(401 414 415 402)
4(129 272 581 572)
4(272 285 590 581)
4(285 298 599 590)
4(298 311 608 599)
4(311 324 617 608)
4(324 337 626 617)
4(337 350 635 626)
4(350 363 644 635)
4(363 376 653 644)
4(376 389 662 653)
4(389 402 671 662)
4(402 415 680 671)
4(572 581 582 573)
4(581 590 591 582)
4(590 599 600 591)
4(599 608 609 600)
4(608 617 618 609)
4(617 626 627 618)
4(626 635 636 627)
4(635 644 645 636)
4(644 653 654 645)
4(653 662 663 654)
4(662 671 672 663)
4(671 680 681 672)
4(573 582 583 574)
4(582 591 592 583)
4(591 600 601 592)
4(600 609 610 601)
4(609 618 619 610)
4(618 627 628 619)
4(627 636 637 628)
4(636 645 646 637)
4(645 654 655 646)
4(654 663 664 655)
4(663 672 673 664)
4(672 681 682 673)
4(574 583 584 575)
4(583 592 593 584)
4(592 601 602 593)
4(601 610 611 602)
4(610 619 620 611)
4(619 628 629 620)
4(628 637 638 629)
4(637 646 647 638)
4(646 655 656 647)
4(655 664 665 656)
4(664 673 674 665)
4(673 682 683 674)
4(575 584 585 576)
4(584 593 594 585)
4(593 602 603 594)
4(602 611 612 603)
4(611 620 621 612)
4(620 629 630 621)
4(629 638 639 630)
4(638 647 648 639)
4(647 656 657 648)
4(656 665 666 657)
4(665 674 675 666)
4(674 683 684 675)
4(576 585 586 577)
4(585 594 595 586)
4(594 603 604 595)
4(603 612 613 604)
4(612 621 622 613)
4(621 630 631 622)
4(630 639 640 631)
4(639 648 649 640)
4(648 657 658 649)
4(657 666 667 658)
4(666 675 676 667)
4(675 684 685 676)
4(577 586 587 578)
4(586 595 596 587)
4(595 604 605 596)
4(604 613 614 605)
4(613 622 623 614)
4(622 631 632 623)
4(631 640 641 632)
4(640 649 650 641)
4(649 658 659 650)
4(658 667 668 659)
4(667 676 677 668)
4(676 685 686 677)
4(578 587 588 579)
4(587 596 597 588)
4(596 605 606 597)
4(605 614 615 606)
4(614 623 624 615)
4(623 632 633 624)
4(632 641 642 633)
4(641 650 651 642)
4(650 659 660 651)
4(659 668 669 660)
4(668 677 678 669)
4(677 686 687 678)
4(579 588 589 580)
4(588 597 598 589)
4(597 606 607 598)
4(606 615 616 607)
4(615 624 625 616)
4(624 633 634 625)
4(633 642 643 634)
4(642 651 652 643)
4(651 660 661 652)
4(660 669 670 661)
4(669 678 679 670)
4(678 687 688 679)
4(130 131 144 143)
4(143 144 157 156)
4(156 157 170 169)
4(169 170 183 182)
4(182 183 196 195)
4(195 196 209 208)
4(208 209 222 221)
4(221 222 235 234)
4(234 235 248 247)
4(131 132 145 144)
4(144 145 158 157)
4(157 158 171 170)
4(170 171 184 183)
4(183 184 197 196)
4(196 197 210 209)
4(209 210 223 222)
4(222 223 236 235)
4(235 236 249 248)
4(132 133 146 145)
4(145 146 159 158)
4(158 159 172 171)
4(171 172 185 184)
4(184 185 198 197)
4(197 198 211 210)
4(210 211 224 223)
4(223 224 237 236)
4(236 237 250 249)
4(133 134 147 146)
4(146 147 160 159)
4(159 160 173 172)
4(172 173 186 185)
4(185 186 199 198)
4(198 199 212 211)
4(211 212 225 224)
4(224 225 238 237)
4(237 238 251 250)
4(134 135 148 147)
4(147 148 161 160)
4(160 161 174 173)
4(173 174 187 186)
4(186 187 200 199)
4(199 200 213 212)
4(212 213 226 225)
4(225 226 239 238)
4(238 239 252 251)
4(135 136 149 148)
4(148 149 162 161)
4(161 162 175 174)
4(174 175 188 187)
4(187 188 201 200)
4(200 201 214 213)
4(213 214 227 226)
4(226 227 240 239)
4(239 240 253 252)
4(136 137 150 149)
4(149 150 163 162)
4(162 163 176 175)
4(175 176 189 188)
4(188 189 202 201)
4(201 202 215 214)
4(214 215 228 227)
4(227 228 241 240)
4(240 241 254 253)
4(137 138 151 150)
4(150 151 164 163)
4(163 164 177 176)
4(176 177 190 189)
4(189 190 203 202)
4(202 203 216 215)
4(215 216 229 228)
4(228 229 242 241)
4(241 242 255 254)
4(138 139 152 151)
4(151 152 165 164)
4(164 165 178 177)
4(177 178 191 190)
4(190 191 204 203)
4(203 204 217 216)
4(216 217 230 229)
4(229 230 243 242)
4(242 243 256 255)
4(139 140 153 152)
4(152 153 166 165)
4(165 166 179 178)
4(178 179 192 191)
4(191 192 205 204)
4(204 205 218 217)
4(217 218 231 230)
4(230 231 244 243)
4(243 244 257 256)
4(140 141 154 153)
4(153 154 167 166)
4(166 167 180 179)
4(179 180 193 192)
4(192 193 206 205)
4(205 206 219 218)
4(218 219 232 231)
4(231 232 245 244)
4(244 245 258 257)
4(141 142 155 154)
4(154 155 168 167)
4(167 168 181 180)
4(180 181 194 193)
4(193 194 207 206)
4(206 207 220 219)
4(219 220 233 232)
4(232 233 246 245)
4(245 246 259 258)
4(247 248 417 416)
4(416 417 430 429)
4(429 430 443 442)
4(442 443 456 455)
4(455 456 469 468)
4(468 469 482 481)
4(481 482 495 494)
4(494 495 508 507)
4(507 508 521 520)
4(520 521 534 533)
4(533 534 547 546)
4(546 547 560 559)
4(248 249 418 417)
4(417 418 431 430)
4(430 431 444 443)
4(443 444 457 456)
4(456 457 470 469)
4(469 470 483 482)
4(482 483 496 495)
4(495 496 509 508)
4(508 509 522 521)
4(521 522 535 534)
4(534 535 548 547)
4(547 548 561 560)
4(249 250 419 418)
4(418 419 432 431)
4(431 432 445 444)
4(444 445 458 457)
4(457 458 471 470)
4(470 471 484 483)
4(483 484 497 496)
4(496 497 510 509)
4(509 510 523 522)
4(522 523 536 535)
4(535 536 549 548)
4(548 549 562 561)
4(250 251 420 419)
4(419 420 433 432)
4(432 433 446 445)
4(445 446 459 458)
4(458 459 472 471)
4(471 472 485 484)
4(484 485 498 497)
4(497 498 511 510)
4(510 511 524 523)
4(523 524 537 536)
4(536 537 550 549)
4(549 550 563 562)
4(251 252 421 420)
4(420 421 434 433)
4(433 434 447 446)
4(446 447 460 459)
4(459 460 473 472)
4(472 473 486 485)
4(485 486 499 498)
4(498 499 512 511)
4(511 512 525 524)
4(524 525 538 537)
4(537 538 551 550)
4(550 551 564 563)
4(252 253 422 421)
4(421 422 435 434)
4(434 435 448 447)
4(447 448 461 460)
4(460 461 474 473)
4(473 474 487 486)
4(486 487 500 499)
4(499 500 513 512)
4(512 513 526 525)
4(525 526 539 538)
4(538 539 552 551)
4(551 552 565 564)
4(253 254 423 422)
4(422 423 436 435)
4(435 436 449 448)
4(448 449 462 461)
4(461 462 475 474)
4(474 475 488 487)
4(487 488 501 500)
4(500 501 514 513)
4(513 514 527 526)
4(526 527 540 539)
4(539 540 553 552)
4(552 553 566 565)
4(254 255 424 423)
4(423 424 437 436)
4(436 437 450 449)
4(449 450 463 462)
4(462 463 476 475)
4(475 476 489 488)
4(488 489 502 501)
4(501 502 515 514)
4(514 515 528 527)
4(527 528 541 540)
4(540 541 554 553)
4(553 554 567 566)
4(255 256 425 424)
4(424 425 438 437)
4(437 438 451 450)
4(450 451 464 463)
4(463 464 477 476)
4(476 477 490 489)
4(489 490 503 502)
4(502 503 516 515)
4(515 516 529 528)
4(528 529 542 541)
4(541 542 555 554)
4(554 555 568 567)
4(256 257 426 425)
4(425 426 439 438)
4(438 439 452 451)
4(451 452 465 464)
4(464 465 478 477)
4(477 478 491 490)
4(490 491 504 503)
4(503 504 517 516)
4(516 517 530 529)
4(529 530 543 542)
4(542 543 556 555)
4(555 556 569 568)
4(257 258 427 426)
4(426 427 440 439)
4(439 440 453 452)
4(452 453 466 465)
4(465 466 479 478)
4(478 479 492 491)
4(491 492 505 504)
4(504 505 518 517)
4(517 518 531 530)
4(530 531 544 543)
4(543 544 557 556)
4(556 557 570 569)
4(258 259 428 427)
4(427 428 441 440)
4(440 441 454 453)
4(453 454 467 466)
4(466 467 480 479)
4(479 480 493 492)
4(492 493 506 505)
4(505 506 519 518)
4(518 519 532 531)
4(531 532 545 544)
4(544 545 558 557)
4(557 558 571 570)
4(259 689 698 428)
4(428 698 707 441)
4(441 707 716 454)
4(454 716 725 467)
4(467 725 734 480)
4(480 734 743 493)
4(493 743 752 506)
4(506 752 761 519)
4(519 761 770 532)
4(532 770 779 545)
4(545 779 788 558)
4(558 788 797 571)
4(689 690 699 698)
4(698 699 708 707)
4(707 708 717 716)
4(716 717 726 725)
4(725 726 735 734)
4(734 735 744 743)
4(743 744 753 752)
4(752 753 762 761)
4(761 762 771 770)
4(770 771 780 779)
4(779 780 789 788)
4(788 789 798 797)
4(690 691 700 699)
4(699 700 709 708)
4(708 709 718 717)
4(717 718 727 726)
4(726 727 736 735)
4(735 736 745 744)
4(744 745 754 753)
4(753 754 763 762)
4(762 763 772 771)
4(771 772 781 780)
4(780 781 790 789)
4(789 790 799 798)
4(691 692 701 700)
4(700 701 710 709)
4(709 710 719 718)
4(718 719 728 727)
4(727 728 737 736)
4(736 737 746 745)
4(745 746 755 754)
4(754 755 764 763)
4(763 764 773 772)
4(772 773 782 781)
4(781 782 791 790)
4(790 791 800 799)
4(692 693 702 701)
4(701 702 711 710)
4(710 711 720 719)
4(719 720 729 728)
4(728 729 738 737)
4(737 738 747 746)
4(746 747 756 755)
4(755 756 765 764)
4(764 765 774 773)
4(773 774 783 782)
4(782 783 792 791)
4(791 792 801 800)
4(693 694 703 702)
4(702 703 712 711)
4(711 712 721 720)
4(720 721 730 729)
4(729 730 739 738)
4(738 739 748 747)
4(747 748 757 756)
4(756 757 766 765)
4(765 766 775 774)
4(774 775 784 783)
4(783 784 793 792)
4(792 793 802 801)
4(694 695 704 703)
4(703 704 713 712)
4(712 713 722 721)
4(721 722 731 730)
4(730 731 740 739)
4(739 740 749 748)
4(748 749 758 757)
4(757 758 767 766)
4(766 767 776 775)
4(775 776 785 784)
4(784 785 794 793)
4(793 794 803 802)
4(695 696 705 704)
4(704 705 714 713)
4(713 714 723 722)
4(722 723 732 731)
4(731 732 741 740)
4(740 741 750 749)
4(749 750 759 758)
4(758 759 768 767)
4(767 768 777 776)
4(776 777 786 785)
4(785 786 795 794)
4(794 795 804 803)
4(696 697 706 705)
4(705 706 715 714)
4(714 715 724 723)
4(723 724 733 732)
4(732 733 742 741)
4(741 742 751 750)
4(750 751 760 759)
4(759 760 769 768)
4(768 769 778 777)
4(777 778 787 786)
4(786 787 796 795)
4(795 796 805 804)
)


// ************************************************************************* //
