/*--------------------------------*- C++ -*----------------------------------*\
| =========                 |                                                 |
| \\      /  F ield         | OpenFOAM: The Open Source CFD Toolbox           |
|  \\    /   O peration     | Version:  2.3.x                                 |
|   \\  /    A nd           | Web:      www.OpenFOAM.org                      |
|    \\/     M anipulation  |                                                 |
\*---------------------------------------------------------------------------*/
FoamFile
{
    version     2.0;
    format      ascii;
    class       labelList;
    note        "nPoints: 806 nCells: 360 nFaces: 1482 nInternalFaces: 678";
    location    "constant/polyMesh";
    object      neighbour;
}
// * * * * * * * * * * * * * * * * * * * * * * * * * * * * * * * * * * * * * //


678
(
1
12
2
13
3
14
4
15
5
16
6
17
7
18
8
19
9
20
10
21
11
22
23
13
24
14
25
15
26
16
27
17
28
18
29
19
30
20
31
21
32
22
33
23
34
35
25
36
26
37
27
38
28
39
29
40
30
41
31
42
32
43
33
44
34
45
35
46
47
37
48
38
49
39
50
40
51
41
52
42
53
43
54
44
55
45
56
46
57
47
58
59
49
60
50
61
51
62
52
63
53
64
54
65
55
66
56
67
57
68
58
69
59
70
71
61
72
62
73
63
74
64
75
65
76
66
77
67
78
68
79
69
80
70
81
71
82
83
73
84
74
85
75
86
76
87
77
88
78
89
79
90
80
91
81
92
82
93
83
94
95
85
96
86
97
87
98
88
99
89
100
90
101
91
102
92
103
93
104
94
105
95
106
107
97
108
98
109
99
110
100
111
101
112
102
113
103
114
104
115
105
116
106
117
107
118
119
109
120
110
121
111
122
112
123
113
124
114
125
115
126
116
127
117
128
118
129
119
130
131
252
121
132
122
133
123
134
124
135
125
136
126
137
127
138
128
139
129
140
130
141
131
142
143
261
133
144
134
145
135
146
136
147
137
148
138
149
139
150
140
151
141
152
142
153
143
154
155
270
145
156
146
157
147
158
148
159
149
160
150
161
151
162
152
163
153
164
154
165
155
166
167
279
157
168
158
169
159
170
160
171
161
172
162
173
163
174
164
175
165
176
166
177
167
178
179
288
169
180
170
181
171
182
172
183
173
184
174
185
175
186
176
187
177
188
178
189
179
190
191
297
181
192
182
193
183
194
184
195
185
196
186
197
187
198
188
199
189
200
190
201
191
202
203
306
193
204
194
205
195
206
196
207
197
208
198
209
199
210
200
211
201
212
202
213
203
214
215
315
205
216
206
217
207
218
208
219
209
220
210
221
211
222
212
223
213
224
214
225
215
226
227
324
217
228
218
229
219
230
220
231
221
232
222
233
223
234
224
235
225
236
226
237
227
238
239
333
229
240
230
241
231
242
232
243
233
244
234
245
235
246
236
247
237
248
238
249
239
250
251
342
241
242
243
244
245
246
247
248
249
250
251
351
253
261
254
262
255
263
256
264
257
265
258
266
259
267
260
268
269
262
270
263
271
264
272
265
273
266
274
267
275
268
276
269
277
278
271
279
272
280
273
281
274
282
275
283
276
284
277
285
278
286
287
280
288
281
289
282
290
283
291
284
292
285
293
286
294
287
295
296
289
297
290
298
291
299
292
300
293
301
294
302
295
303
296
304
305
298
306
299
307
300
308
301
309
302
310
303
311
304
312
305
313
314
307
315
308
316
309
317
310
318
311
319
312
320
313
321
314
322
323
316
324
317
325
318
326
319
327
320
328
321
329
322
330
323
331
332
325
333
326
334
327
335
328
336
329
337
330
338
331
339
332
340
341
334
342
335
343
336
344
337
345
338
346
339
347
340
348
341
349
350
343
351
344
352
345
353
346
354
347
355
348
356
349
357
350
358
359
352
353
354
355
356
357
358
359
)


// ************************************************************************* //
