/*--------------------------------*- C++ -*----------------------------------*\
| =========                 |                                                 |
| \\      /  F ield         | OpenFOAM: The Open Source CFD Toolbox           |
|  \\    /   O peration     | Version:  2.3.x                                 |
|   \\  /    A nd           | Web:      www.OpenFOAM.org                      |
|    \\/     M anipulation  |                                                 |
\*---------------------------------------------------------------------------*/
FoamFile
{
    version     2.0;
    format      ascii;
    class       vectorField;
    location    "constant/polyMesh";
    object      points;
}
// * * * * * * * * * * * * * * * * * * * * * * * * * * * * * * * * * * * * * //


806
(
(0 0 0)
(0.005 0 0)
(0.01 0 0)
(0.015 0 0)
(0.02 0 0)
(0.025 0 0)
(0.03 0 0)
(0.035 0 0)
(0.04 0 0)
(0.045 0 0)
(0.05 0 0)
(0.055 0 0)
(0.06 0 0)
(0 0.004444444444 0)
(0.005 0.004444444444 0)
(0.01 0.004444444444 0)
(0.015 0.004444444444 0)
(0.02 0.004444444444 0)
(0.025 0.004444444444 0)
(0.03 0.004444444444 0)
(0.035 0.004444444444 0)
(0.04 0.004444444444 0)
(0.045 0.004444444444 0)
(0.05 0.004444444444 0)
(0.055 0.004444444444 0)
(0.06 0.004444444444 0)
(0 0.008888888889 0)
(0.005 0.008888888889 0)
(0.01 0.008888888889 0)
(0.015 0.008888888889 0)
(0.02 0.008888888889 0)
(0.025 0.008888888889 0)
(0.03 0.008888888889 0)
(0.035 0.008888888889 0)
(0.04 0.008888888889 0)
(0.045 0.008888888889 0)
(0.05 0.008888888889 0)
(0.055 0.008888888889 0)
(0.06 0.008888888889 0)
(0 0.01333333333 0)
(0.005 0.01333333333 0)
(0.01 0.01333333333 0)
(0.015 0.01333333333 0)
(0.02 0.01333333333 0)
(0.025 0.01333333333 0)
(0.03 0.01333333333 0)
(0.035 0.01333333333 0)
(0.04 0.01333333333 0)
(0.045 0.01333333333 0)
(0.05 0.01333333333 0)
(0.055 0.01333333333 0)
(0.06 0.01333333333 0)
(0 0.01777777778 0)
(0.005 0.01777777778 0)
(0.01 0.01777777778 0)
(0.015 0.01777777778 0)
(0.02 0.01777777778 0)
(0.025 0.01777777778 0)
(0.03 0.01777777778 0)
(0.035 0.01777777778 0)
(0.04 0.01777777778 0)
(0.045 0.01777777778 0)
(0.05 0.01777777778 0)
(0.055 0.01777777778 0)
(0.06 0.01777777778 0)
(0 0.02222222222 0)
(0.005 0.02222222222 0)
(0.01 0.02222222222 0)
(0.015 0.02222222222 0)
(0.02 0.02222222222 0)
(0.025 0.02222222222 0)
(0.03 0.02222222222 0)
(0.035 0.02222222222 0)
(0.04 0.02222222222 0)
(0.045 0.02222222222 0)
(0.05 0.02222222222 0)
(0.055 0.02222222222 0)
(0.06 0.02222222222 0)
(0 0.02666666667 0)
(0.005 0.02666666667 0)
(0.01 0.02666666667 0)
(0.015 0.02666666667 0)
(0.02 0.02666666667 0)
(0.025 0.02666666667 0)
(0.03 0.02666666667 0)
(0.035 0.02666666667 0)
(0.04 0.02666666667 0)
(0.045 0.02666666667 0)
(0.05 0.02666666667 0)
(0.055 0.02666666667 0)
(0.06 0.02666666667 0)
(0 0.03111111111 0)
(0.005 0.03111111111 0)
(0.01 0.03111111111 0)
(0.015 0.03111111111 0)
(0.02 0.03111111111 0)
(0.025 0.03111111111 0)
(0.03 0.03111111111 0)
(0.035 0.03111111111 0)
(0.04 0.03111111111 0)
(0.045 0.03111111111 0)
(0.05 0.03111111111 0)
(0.055 0.03111111111 0)
(0.06 0.03111111111 0)
(0 0.03555555556 0)
(0.005 0.03555555556 0)
(0.01 0.03555555556 0)
(0.015 0.03555555556 0)
(0.02 0.03555555556 0)
(0.025 0.03555555556 0)
(0.03 0.03555555556 0)
(0.035 0.03555555556 0)
(0.04 0.03555555556 0)
(0.045 0.03555555556 0)
(0.05 0.03555555556 0)
(0.055 0.03555555556 0)
(0.06 0.03555555556 0)
(0 0.04 0)
(0.005 0.04 0)
(0.01 0.04 0)
(0.015 0.04 0)
(0.02 0.04 0)
(0.025 0.04 0)
(0.03 0.04 0)
(0.035 0.04 0)
(0.04 0.04 0)
(0.045 0.04 0)
(0.05 0.04 0)
(0.055 0.04 0)
(0.06 0.04 0)
(0 0 0.01)
(0.005 0 0.01)
(0.01 0 0.01)
(0.015 0 0.01)
(0.02 0 0.01)
(0.025 0 0.01)
(0.03 0 0.01)
(0.035 0 0.01)
(0.04 0 0.01)
(0.045 0 0.01)
(0.05 0 0.01)
(0.055 0 0.01)
(0.06 0 0.01)
(0 0.004444444444 0.01)
(0.005 0.004444444444 0.01)
(0.01 0.004444444444 0.01)
(0.015 0.004444444444 0.01)
(0.02 0.004444444444 0.01)
(0.025 0.004444444444 0.01)
(0.03 0.004444444444 0.01)
(0.035 0.004444444444 0.01)
(0.04 0.004444444444 0.01)
(0.045 0.004444444444 0.01)
(0.05 0.004444444444 0.01)
(0.055 0.004444444444 0.01)
(0.06 0.004444444444 0.01)
(0 0.008888888889 0.01)
(0.005 0.008888888889 0.01)
(0.01 0.008888888889 0.01)
(0.015 0.008888888889 0.01)
(0.02 0.008888888889 0.01)
(0.025 0.008888888889 0.01)
(0.03 0.008888888889 0.01)
(0.035 0.008888888889 0.01)
(0.04 0.008888888889 0.01)
(0.045 0.008888888889 0.01)
(0.05 0.008888888889 0.01)
(0.055 0.008888888889 0.01)
(0.06 0.008888888889 0.01)
(0 0.01333333333 0.01)
(0.005 0.01333333333 0.01)
(0.01 0.01333333333 0.01)
(0.015 0.01333333333 0.01)
(0.02 0.01333333333 0.01)
(0.025 0.01333333333 0.01)
(0.03 0.01333333333 0.01)
(0.035 0.01333333333 0.01)
(0.04 0.01333333333 0.01)
(0.045 0.01333333333 0.01)
(0.05 0.01333333333 0.01)
(0.055 0.01333333333 0.01)
(0.06 0.01333333333 0.01)
(0 0.01777777778 0.01)
(0.005 0.01777777778 0.01)
(0.01 0.01777777778 0.01)
(0.015 0.01777777778 0.01)
(0.02 0.01777777778 0.01)
(0.025 0.01777777778 0.01)
(0.03 0.01777777778 0.01)
(0.035 0.01777777778 0.01)
(0.04 0.01777777778 0.01)
(0.045 0.01777777778 0.01)
(0.05 0.01777777778 0.01)
(0.055 0.01777777778 0.01)
(0.06 0.01777777778 0.01)
(0 0.02222222222 0.01)
(0.005 0.02222222222 0.01)
(0.01 0.02222222222 0.01)
(0.015 0.02222222222 0.01)
(0.02 0.02222222222 0.01)
(0.025 0.02222222222 0.01)
(0.03 0.02222222222 0.01)
(0.035 0.02222222222 0.01)
(0.04 0.02222222222 0.01)
(0.045 0.02222222222 0.01)
(0.05 0.02222222222 0.01)
(0.055 0.02222222222 0.01)
(0.06 0.02222222222 0.01)
(0 0.02666666667 0.01)
(0.005 0.02666666667 0.01)
(0.01 0.02666666667 0.01)
(0.015 0.02666666667 0.01)
(0.02 0.02666666667 0.01)
(0.025 0.02666666667 0.01)
(0.03 0.02666666667 0.01)
(0.035 0.02666666667 0.01)
(0.04 0.02666666667 0.01)
(0.045 0.02666666667 0.01)
(0.05 0.02666666667 0.01)
(0.055 0.02666666667 0.01)
(0.06 0.02666666667 0.01)
(0 0.03111111111 0.01)
(0.005 0.03111111111 0.01)
(0.01 0.03111111111 0.01)
(0.015 0.03111111111 0.01)
(0.02 0.03111111111 0.01)
(0.025 0.03111111111 0.01)
(0.03 0.03111111111 0.01)
(0.035 0.03111111111 0.01)
(0.04 0.03111111111 0.01)
(0.045 0.03111111111 0.01)
(0.05 0.03111111111 0.01)
(0.055 0.03111111111 0.01)
(0.06 0.03111111111 0.01)
(0 0.03555555556 0.01)
(0.005 0.03555555556 0.01)
(0.01 0.03555555556 0.01)
(0.015 0.03555555556 0.01)
(0.02 0.03555555556 0.01)
(0.025 0.03555555556 0.01)
(0.03 0.03555555556 0.01)
(0.035 0.03555555556 0.01)
(0.04 0.03555555556 0.01)
(0.045 0.03555555556 0.01)
(0.05 0.03555555556 0.01)
(0.055 0.03555555556 0.01)
(0.06 0.03555555556 0.01)
(0 0.04 0.01)
(0.005 0.04 0.01)
(0.01 0.04 0.01)
(0.015 0.04 0.01)
(0.02 0.04 0.01)
(0.025 0.04 0.01)
(0.03 0.04 0.01)
(0.035 0.04 0.01)
(0.04 0.04 0.01)
(0.045 0.04 0.01)
(0.05 0.04 0.01)
(0.055 0.04 0.01)
(0.06 0.04 0.01)
(0 0.045 0)
(0.005 0.045 0)
(0.01 0.045 0)
(0.015 0.045 0)
(0.02 0.045 0)
(0.025 0.045 0)
(0.03 0.045 0)
(0.035 0.045 0)
(0.04 0.045 0)
(0.045 0.045 0)
(0.05 0.045 0)
(0.055 0.045 0)
(0.06 0.045 0)
(0 0.05 0)
(0.005 0.05 0)
(0.01 0.05 0)
(0.015 0.05 0)
(0.02 0.05 0)
(0.025 0.05 0)
(0.03 0.05 0)
(0.035 0.05 0)
(0.04 0.05 0)
(0.045 0.05 0)
(0.05 0.05 0)
(0.055 0.05 0)
(0.06 0.05 0)
(0 0.055 0)
(0.005 0.055 0)
(0.01 0.055 0)
(0.015 0.055 0)
(0.02 0.055 0)
(0.025 0.055 0)
(0.03 0.055 0)
(0.035 0.055 0)
(0.04 0.055 0)
(0.045 0.055 0)
(0.05 0.055 0)
(0.055 0.055 0)
(0.06 0.055 0)
(0 0.06 0)
(0.005 0.06 0)
(0.01 0.06 0)
(0.015 0.06 0)
(0.02 0.06 0)
(0.025 0.06 0)
(0.03 0.06 0)
(0.035 0.06 0)
(0.04 0.06 0)
(0.045 0.06 0)
(0.05 0.06 0)
(0.055 0.06 0)
(0.06 0.06 0)
(0 0.065 0)
(0.005 0.065 0)
(0.01 0.065 0)
(0.015 0.065 0)
(0.02 0.065 0)
(0.025 0.065 0)
(0.03 0.065 0)
(0.035 0.065 0)
(0.04 0.065 0)
(0.045 0.065 0)
(0.05 0.065 0)
(0.055 0.065 0)
(0.06 0.065 0)
(0 0.07 0)
(0.005 0.07 0)
(0.01 0.07 0)
(0.015 0.07 0)
(0.02 0.07 0)
(0.025 0.07 0)
(0.03 0.07 0)
(0.035 0.07 0)
(0.04 0.07 0)
(0.045 0.07 0)
(0.05 0.07 0)
(0.055 0.07 0)
(0.06 0.07 0)
(0 0.075 0)
(0.005 0.075 0)
(0.01 0.075 0)
(0.015 0.075 0)
(0.02 0.075 0)
(0.025 0.075 0)
(0.03 0.075 0)
(0.035 0.075 0)
(0.04 0.075 0)
(0.045 0.075 0)
(0.05 0.075 0)
(0.055 0.075 0)
(0.06 0.075 0)
(0 0.08 0)
(0.005 0.08 0)
(0.01 0.08 0)
(0.015 0.08 0)
(0.02 0.08 0)
(0.025 0.08 0)
(0.03 0.08 0)
(0.035 0.08 0)
(0.04 0.08 0)
(0.045 0.08 0)
(0.05 0.08 0)
(0.055 0.08 0)
(0.06 0.08 0)
(0 0.085 0)
(0.005 0.085 0)
(0.01 0.085 0)
(0.015 0.085 0)
(0.02 0.085 0)
(0.025 0.085 0)
(0.03 0.085 0)
(0.035 0.085 0)
(0.04 0.085 0)
(0.045 0.085 0)
(0.05 0.085 0)
(0.055 0.085 0)
(0.06 0.085 0)
(0 0.09 0)
(0.005 0.09 0)
(0.01 0.09 0)
(0.015 0.09 0)
(0.02 0.09 0)
(0.025 0.09 0)
(0.03 0.09 0)
(0.035 0.09 0)
(0.04 0.09 0)
(0.045 0.09 0)
(0.05 0.09 0)
(0.055 0.09 0)
(0.06 0.09 0)
(0 0.095 0)
(0.005 0.095 0)
(0.01 0.095 0)
(0.015 0.095 0)
(0.02 0.095 0)
(0.025 0.095 0)
(0.03 0.095 0)
(0.035 0.095 0)
(0.04 0.095 0)
(0.045 0.095 0)
(0.05 0.095 0)
(0.055 0.095 0)
(0.06 0.095 0)
(0 0.1 0)
(0.005 0.1 0)
(0.01 0.1 0)
(0.015 0.1 0)
(0.02 0.1 0)
(0.025 0.1 0)
(0.03 0.1 0)
(0.035 0.1 0)
(0.04 0.1 0)
(0.045 0.1 0)
(0.05 0.1 0)
(0.055 0.1 0)
(0.06 0.1 0)
(0 0.045 0.01)
(0.005 0.045 0.01)
(0.01 0.045 0.01)
(0.015 0.045 0.01)
(0.02 0.045 0.01)
(0.025 0.045 0.01)
(0.03 0.045 0.01)
(0.035 0.045 0.01)
(0.04 0.045 0.01)
(0.045 0.045 0.01)
(0.05 0.045 0.01)
(0.055 0.045 0.01)
(0.06 0.045 0.01)
(0 0.05 0.01)
(0.005 0.05 0.01)
(0.01 0.05 0.01)
(0.015 0.05 0.01)
(0.02 0.05 0.01)
(0.025 0.05 0.01)
(0.03 0.05 0.01)
(0.035 0.05 0.01)
(0.04 0.05 0.01)
(0.045 0.05 0.01)
(0.05 0.05 0.01)
(0.055 0.05 0.01)
(0.06 0.05 0.01)
(0 0.055 0.01)
(0.005 0.055 0.01)
(0.01 0.055 0.01)
(0.015 0.055 0.01)
(0.02 0.055 0.01)
(0.025 0.055 0.01)
(0.03 0.055 0.01)
(0.035 0.055 0.01)
(0.04 0.055 0.01)
(0.045 0.055 0.01)
(0.05 0.055 0.01)
(0.055 0.055 0.01)
(0.06 0.055 0.01)
(0 0.06 0.01)
(0.005 0.06 0.01)
(0.01 0.06 0.01)
(0.015 0.06 0.01)
(0.02 0.06 0.01)
(0.025 0.06 0.01)
(0.03 0.06 0.01)
(0.035 0.06 0.01)
(0.04 0.06 0.01)
(0.045 0.06 0.01)
(0.05 0.06 0.01)
(0.055 0.06 0.01)
(0.06 0.06 0.01)
(0 0.065 0.01)
(0.005 0.065 0.01)
(0.01 0.065 0.01)
(0.015 0.065 0.01)
(0.02 0.065 0.01)
(0.025 0.065 0.01)
(0.03 0.065 0.01)
(0.035 0.065 0.01)
(0.04 0.065 0.01)
(0.045 0.065 0.01)
(0.05 0.065 0.01)
(0.055 0.065 0.01)
(0.06 0.065 0.01)
(0 0.07 0.01)
(0.005 0.07 0.01)
(0.01 0.07 0.01)
(0.015 0.07 0.01)
(0.02 0.07 0.01)
(0.025 0.07 0.01)
(0.03 0.07 0.01)
(0.035 0.07 0.01)
(0.04 0.07 0.01)
(0.045 0.07 0.01)
(0.05 0.07 0.01)
(0.055 0.07 0.01)
(0.06 0.07 0.01)
(0 0.075 0.01)
(0.005 0.075 0.01)
(0.01 0.075 0.01)
(0.015 0.075 0.01)
(0.02 0.075 0.01)
(0.025 0.075 0.01)
(0.03 0.075 0.01)
(0.035 0.075 0.01)
(0.04 0.075 0.01)
(0.045 0.075 0.01)
(0.05 0.075 0.01)
(0.055 0.075 0.01)
(0.06 0.075 0.01)
(0 0.08 0.01)
(0.005 0.08 0.01)
(0.01 0.08 0.01)
(0.015 0.08 0.01)
(0.02 0.08 0.01)
(0.025 0.08 0.01)
(0.03 0.08 0.01)
(0.035 0.08 0.01)
(0.04 0.08 0.01)
(0.045 0.08 0.01)
(0.05 0.08 0.01)
(0.055 0.08 0.01)
(0.06 0.08 0.01)
(0 0.085 0.01)
(0.005 0.085 0.01)
(0.01 0.085 0.01)
(0.015 0.085 0.01)
(0.02 0.085 0.01)
(0.025 0.085 0.01)
(0.03 0.085 0.01)
(0.035 0.085 0.01)
(0.04 0.085 0.01)
(0.045 0.085 0.01)
(0.05 0.085 0.01)
(0.055 0.085 0.01)
(0.06 0.085 0.01)
(0 0.09 0.01)
(0.005 0.09 0.01)
(0.01 0.09 0.01)
(0.015 0.09 0.01)
(0.02 0.09 0.01)
(0.025 0.09 0.01)
(0.03 0.09 0.01)
(0.035 0.09 0.01)
(0.04 0.09 0.01)
(0.045 0.09 0.01)
(0.05 0.09 0.01)
(0.055 0.09 0.01)
(0.06 0.09 0.01)
(0 0.095 0.01)
(0.005 0.095 0.01)
(0.01 0.095 0.01)
(0.015 0.095 0.01)
(0.02 0.095 0.01)
(0.025 0.095 0.01)
(0.03 0.095 0.01)
(0.035 0.095 0.01)
(0.04 0.095 0.01)
(0.045 0.095 0.01)
(0.05 0.095 0.01)
(0.055 0.095 0.01)
(0.06 0.095 0.01)
(0 0.1 0.01)
(0.005 0.1 0.01)
(0.01 0.1 0.01)
(0.015 0.1 0.01)
(0.02 0.1 0.01)
(0.025 0.1 0.01)
(0.03 0.1 0.01)
(0.035 0.1 0.01)
(0.04 0.1 0.01)
(0.045 0.1 0.01)
(0.05 0.1 0.01)
(0.055 0.1 0.01)
(0.06 0.1 0.01)
(0.06444444444 0.04 0)
(0.06888888889 0.04 0)
(0.07333333333 0.04 0)
(0.07777777778 0.04 0)
(0.08222222222 0.04 0)
(0.08666666667 0.04 0)
(0.09111111111 0.04 0)
(0.09555555556 0.04 0)
(0.1 0.04 0)
(0.06444444444 0.045 0)
(0.06888888889 0.045 0)
(0.07333333333 0.045 0)
(0.07777777778 0.045 0)
(0.08222222222 0.045 0)
(0.08666666667 0.045 0)
(0.09111111111 0.045 0)
(0.09555555556 0.045 0)
(0.1 0.045 0)
(0.06444444444 0.05 0)
(0.06888888889 0.05 0)
(0.07333333333 0.05 0)
(0.07777777778 0.05 0)
(0.08222222222 0.05 0)
(0.08666666667 0.05 0)
(0.09111111111 0.05 0)
(0.09555555556 0.05 0)
(0.1 0.05 0)
(0.06444444444 0.055 0)
(0.06888888889 0.055 0)
(0.07333333333 0.055 0)
(0.07777777778 0.055 0)
(0.08222222222 0.055 0)
(0.08666666667 0.055 0)
(0.09111111111 0.055 0)
(0.09555555556 0.055 0)
(0.1 0.055 0)
(0.06444444444 0.06 0)
(0.06888888889 0.06 0)
(0.07333333333 0.06 0)
(0.07777777778 0.06 0)
(0.08222222222 0.06 0)
(0.08666666667 0.06 0)
(0.09111111111 0.06 0)
(0.09555555556 0.06 0)
(0.1 0.06 0)
(0.06444444444 0.065 0)
(0.06888888889 0.065 0)
(0.07333333333 0.065 0)
(0.07777777778 0.065 0)
(0.08222222222 0.065 0)
(0.08666666667 0.065 0)
(0.09111111111 0.065 0)
(0.09555555556 0.065 0)
(0.1 0.065 0)
(0.06444444444 0.07 0)
(0.06888888889 0.07 0)
(0.07333333333 0.07 0)
(0.07777777778 0.07 0)
(0.08222222222 0.07 0)
(0.08666666667 0.07 0)
(0.09111111111 0.07 0)
(0.09555555556 0.07 0)
(0.1 0.07 0)
(0.06444444444 0.075 0)
(0.06888888889 0.075 0)
(0.07333333333 0.075 0)
(0.07777777778 0.075 0)
(0.08222222222 0.075 0)
(0.08666666667 0.075 0)
(0.09111111111 0.075 0)
(0.09555555556 0.075 0)
(0.1 0.075 0)
(0.06444444444 0.08 0)
(0.06888888889 0.08 0)
(0.07333333333 0.08 0)
(0.07777777778 0.08 0)
(0.08222222222 0.08 0)
(0.08666666667 0.08 0)
(0.09111111111 0.08 0)
(0.09555555556 0.08 0)
(0.1 0.08 0)
(0.06444444444 0.085 0)
(0.06888888889 0.085 0)
(0.07333333333 0.085 0)
(0.07777777778 0.085 0)
(0.08222222222 0.085 0)
(0.08666666667 0.085 0)
(0.09111111111 0.085 0)
(0.09555555556 0.085 0)
(0.1 0.085 0)
(0.06444444444 0.09 0)
(0.06888888889 0.09 0)
(0.07333333333 0.09 0)
(0.07777777778 0.09 0)
(0.08222222222 0.09 0)
(0.08666666667 0.09 0)
(0.09111111111 0.09 0)
(0.09555555556 0.09 0)
(0.1 0.09 0)
(0.06444444444 0.095 0)
(0.06888888889 0.095 0)
(0.07333333333 0.095 0)
(0.07777777778 0.095 0)
(0.08222222222 0.095 0)
(0.08666666667 0.095 0)
(0.09111111111 0.095 0)
(0.09555555556 0.095 0)
(0.1 0.095 0)
(0.06444444444 0.1 0)
(0.06888888889 0.1 0)
(0.07333333333 0.1 0)
(0.07777777778 0.1 0)
(0.08222222222 0.1 0)
(0.08666666667 0.1 0)
(0.09111111111 0.1 0)
(0.09555555556 0.1 0)
(0.1 0.1 0)
(0.06444444444 0.04 0.01)
(0.06888888889 0.04 0.01)
(0.07333333333 0.04 0.01)
(0.07777777778 0.04 0.01)
(0.08222222222 0.04 0.01)
(0.08666666667 0.04 0.01)
(0.09111111111 0.04 0.01)
(0.09555555556 0.04 0.01)
(0.1 0.04 0.01)
(0.06444444444 0.045 0.01)
(0.06888888889 0.045 0.01)
(0.07333333333 0.045 0.01)
(0.07777777778 0.045 0.01)
(0.08222222222 0.045 0.01)
(0.08666666667 0.045 0.01)
(0.09111111111 0.045 0.01)
(0.09555555556 0.045 0.01)
(0.1 0.045 0.01)
(0.06444444444 0.05 0.01)
(0.06888888889 0.05 0.01)
(0.07333333333 0.05 0.01)
(0.07777777778 0.05 0.01)
(0.08222222222 0.05 0.01)
(0.08666666667 0.05 0.01)
(0.09111111111 0.05 0.01)
(0.09555555556 0.05 0.01)
(0.1 0.05 0.01)
(0.06444444444 0.055 0.01)
(0.06888888889 0.055 0.01)
(0.07333333333 0.055 0.01)
(0.07777777778 0.055 0.01)
(0.08222222222 0.055 0.01)
(0.08666666667 0.055 0.01)
(0.09111111111 0.055 0.01)
(0.09555555556 0.055 0.01)
(0.1 0.055 0.01)
(0.06444444444 0.06 0.01)
(0.06888888889 0.06 0.01)
(0.07333333333 0.06 0.01)
(0.07777777778 0.06 0.01)
(0.08222222222 0.06 0.01)
(0.08666666667 0.06 0.01)
(0.09111111111 0.06 0.01)
(0.09555555556 0.06 0.01)
(0.1 0.06 0.01)
(0.06444444444 0.065 0.01)
(0.06888888889 0.065 0.01)
(0.07333333333 0.065 0.01)
(0.07777777778 0.065 0.01)
(0.08222222222 0.065 0.01)
(0.08666666667 0.065 0.01)
(0.09111111111 0.065 0.01)
(0.09555555556 0.065 0.01)
(0.1 0.065 0.01)
(0.06444444444 0.07 0.01)
(0.06888888889 0.07 0.01)
(0.07333333333 0.07 0.01)
(0.07777777778 0.07 0.01)
(0.08222222222 0.07 0.01)
(0.08666666667 0.07 0.01)
(0.09111111111 0.07 0.01)
(0.09555555556 0.07 0.01)
(0.1 0.07 0.01)
(0.06444444444 0.075 0.01)
(0.06888888889 0.075 0.01)
(0.07333333333 0.075 0.01)
(0.07777777778 0.075 0.01)
(0.08222222222 0.075 0.01)
(0.08666666667 0.075 0.01)
(0.09111111111 0.075 0.01)
(0.09555555556 0.075 0.01)
(0.1 0.075 0.01)
(0.06444444444 0.08 0.01)
(0.06888888889 0.08 0.01)
(0.07333333333 0.08 0.01)
(0.07777777778 0.08 0.01)
(0.08222222222 0.08 0.01)
(0.08666666667 0.08 0.01)
(0.09111111111 0.08 0.01)
(0.09555555556 0.08 0.01)
(0.1 0.08 0.01)
(0.06444444444 0.085 0.01)
(0.06888888889 0.085 0.01)
(0.07333333333 0.085 0.01)
(0.07777777778 0.085 0.01)
(0.08222222222 0.085 0.01)
(0.08666666667 0.085 0.01)
(0.09111111111 0.085 0.01)
(0.09555555556 0.085 0.01)
(0.1 0.085 0.01)
(0.06444444444 0.09 0.01)
(0.06888888889 0.09 0.01)
(0.07333333333 0.09 0.01)
(0.07777777778 0.09 0.01)
(0.08222222222 0.09 0.01)
(0.08666666667 0.09 0.01)
(0.09111111111 0.09 0.01)
(0.09555555556 0.09 0.01)
(0.1 0.09 0.01)
(0.06444444444 0.095 0.01)
(0.06888888889 0.095 0.01)
(0.07333333333 0.095 0.01)
(0.07777777778 0.095 0.01)
(0.08222222222 0.095 0.01)
(0.08666666667 0.095 0.01)
(0.09111111111 0.095 0.01)
(0.09555555556 0.095 0.01)
(0.1 0.095 0.01)
(0.06444444444 0.1 0.01)
(0.06888888889 0.1 0.01)
(0.07333333333 0.1 0.01)
(0.07777777778 0.1 0.01)
(0.08222222222 0.1 0.01)
(0.08666666667 0.1 0.01)
(0.09111111111 0.1 0.01)
(0.09555555556 0.1 0.01)
(0.1 0.1 0.01)
)


// ************************************************************************* //
