/*--------------------------------*- C++ -*----------------------------------*\
| =========                 |                                                 |
| \\      /  F ield         | OpenFOAM: The Open Source CFD Toolbox           |
|  \\    /   O peration     | Version:  2.3.x                                 |
|   \\  /    A nd           | Web:      www.OpenFOAM.org                      |
|    \\/     M anipulation  |                                                 |
\*---------------------------------------------------------------------------*/
FoamFile
{
    version     2.0;
    format      ascii;
    class       faceList;
    location    "constant/polyMesh";
    object      faces;
}
// * * * * * * * * * * * * * * * * * * * * * * * * * * * * * * * * * * * * * //


1384
(
4(1 14 131 118)
4(13 130 131 14)
4(2 15 132 119)
4(14 131 132 15)
4(14 27 144 131)
4(26 143 144 27)
4(3 16 133 120)
4(15 132 133 16)
4(15 28 145 132)
4(27 144 145 28)
4(27 40 157 144)
4(39 156 157 40)
4(4 17 134 121)
4(16 133 134 17)
4(16 29 146 133)
4(28 145 146 29)
4(28 41 158 145)
4(40 157 158 41)
4(40 53 170 157)
4(52 169 170 53)
4(5 18 135 122)
4(17 134 135 18)
4(17 30 147 134)
4(29 146 147 30)
4(29 42 159 146)
4(41 158 159 42)
4(41 54 171 158)
4(53 170 171 54)
4(53 66 183 170)
4(65 182 183 66)
4(6 19 136 123)
4(18 135 136 19)
4(18 31 148 135)
4(30 147 148 31)
4(30 43 160 147)
4(42 159 160 43)
4(42 55 172 159)
4(54 171 172 55)
4(54 67 184 171)
4(66 183 184 67)
4(66 79 196 183)
4(78 195 196 79)
4(7 20 137 124)
4(19 136 137 20)
4(19 32 149 136)
4(31 148 149 32)
4(31 44 161 148)
4(43 160 161 44)
4(43 56 173 160)
4(55 172 173 56)
4(55 68 185 172)
4(67 184 185 68)
4(67 80 197 184)
4(79 196 197 80)
4(79 92 209 196)
4(91 208 209 92)
4(8 21 138 125)
4(20 137 138 21)
4(20 33 150 137)
4(32 149 150 33)
4(32 45 162 149)
4(44 161 162 45)
4(44 57 174 161)
4(56 173 174 57)
4(56 69 186 173)
4(68 185 186 69)
4(68 81 198 185)
4(80 197 198 81)
4(80 93 210 197)
4(92 209 210 93)
4(92 105 222 209)
4(104 221 222 105)
4(9 22 139 126)
4(21 138 139 22)
4(21 34 151 138)
4(33 150 151 34)
4(33 46 163 150)
4(45 162 163 46)
4(45 58 175 162)
4(57 174 175 58)
4(57 70 187 174)
4(69 186 187 70)
4(69 82 199 186)
4(81 198 199 82)
4(81 94 211 198)
4(93 210 211 94)
4(93 106 223 210)
4(105 222 223 106)
4(105 235 391 222)
4(234 390 391 235)
4(10 23 140 127)
4(22 139 140 23)
4(22 35 152 139)
4(34 151 152 35)
4(34 47 164 151)
4(46 163 164 47)
4(46 59 176 163)
4(58 175 176 59)
4(58 71 188 175)
4(70 187 188 71)
4(70 83 200 187)
4(82 199 200 83)
4(82 95 212 199)
4(94 211 212 95)
4(94 107 224 211)
4(106 223 224 107)
4(106 236 392 223)
4(235 391 392 236)
4(235 248 404 391)
4(247 403 404 248)
4(11 24 141 128)
4(23 140 141 24)
4(23 36 153 140)
4(35 152 153 36)
4(35 48 165 152)
4(47 164 165 48)
4(47 60 177 164)
4(59 176 177 60)
4(59 72 189 176)
4(71 188 189 72)
4(71 84 201 188)
4(83 200 201 84)
4(83 96 213 200)
4(95 212 213 96)
4(95 108 225 212)
4(107 224 225 108)
4(107 237 393 224)
4(236 392 393 237)
4(236 249 405 392)
4(248 404 405 249)
4(248 261 417 404)
4(260 416 417 261)
4(24 141 142 25)
4(24 37 154 141)
4(36 153 154 37)
4(36 49 166 153)
4(48 165 166 49)
4(48 61 178 165)
4(60 177 178 61)
4(60 73 190 177)
4(72 189 190 73)
4(72 85 202 189)
4(84 201 202 85)
4(84 97 214 201)
4(96 213 214 97)
4(96 109 226 213)
4(108 225 226 109)
4(108 238 394 225)
4(237 393 394 238)
4(237 250 406 393)
4(249 405 406 250)
4(249 262 418 405)
4(261 417 418 262)
4(261 274 430 417)
4(273 429 430 274)
4(37 154 155 38)
4(37 50 167 154)
4(49 166 167 50)
4(49 62 179 166)
4(61 178 179 62)
4(61 74 191 178)
4(73 190 191 74)
4(73 86 203 190)
4(85 202 203 86)
4(85 98 215 202)
4(97 214 215 98)
4(97 110 227 214)
4(109 226 227 110)
4(109 239 395 226)
4(238 394 395 239)
4(238 251 407 394)
4(250 406 407 251)
4(250 263 419 406)
4(262 418 419 263)
4(262 275 431 418)
4(274 430 431 275)
4(274 287 443 430)
4(286 442 443 287)
4(50 167 168 51)
4(50 63 180 167)
4(62 179 180 63)
4(62 75 192 179)
4(74 191 192 75)
4(74 87 204 191)
4(86 203 204 87)
4(86 99 216 203)
4(98 215 216 99)
4(98 111 228 215)
4(110 227 228 111)
4(110 240 396 227)
4(239 395 396 240)
4(239 252 408 395)
4(251 407 408 252)
4(251 264 420 407)
4(263 419 420 264)
4(263 276 432 419)
4(275 431 432 276)
4(275 288 444 431)
4(287 443 444 288)
4(287 300 456 443)
4(299 455 456 300)
4(63 180 181 64)
4(63 76 193 180)
4(75 192 193 76)
4(75 88 205 192)
4(87 204 205 88)
4(87 100 217 204)
4(99 216 217 100)
4(99 112 229 216)
4(111 228 229 112)
4(111 241 397 228)
4(240 396 397 241)
4(240 253 409 396)
4(252 408 409 253)
4(252 265 421 408)
4(264 420 421 265)
4(264 277 433 420)
4(276 432 433 277)
4(276 289 445 432)
4(288 444 445 289)
4(288 301 457 444)
4(300 456 457 301)
4(300 313 469 456)
4(312 468 469 313)
4(76 193 194 77)
4(76 89 206 193)
4(88 205 206 89)
4(88 101 218 205)
4(100 217 218 101)
4(100 113 230 217)
4(112 229 230 113)
4(112 242 398 229)
4(241 397 398 242)
4(241 254 410 397)
4(253 409 410 254)
4(253 266 422 409)
4(265 421 422 266)
4(265 278 434 421)
4(277 433 434 278)
4(277 290 446 433)
4(289 445 446 290)
4(289 302 458 445)
4(301 457 458 302)
4(301 314 470 457)
4(313 469 470 314)
4(313 326 482 469)
4(325 481 482 326)
4(89 206 207 90)
4(89 102 219 206)
4(101 218 219 102)
4(101 114 231 218)
4(113 230 231 114)
4(113 243 399 230)
4(242 398 399 243)
4(242 255 411 398)
4(254 410 411 255)
4(254 267 423 410)
4(266 422 423 267)
4(266 279 435 422)
4(278 434 435 279)
4(278 291 447 434)
4(290 446 447 291)
4(290 303 459 446)
4(302 458 459 303)
4(302 315 471 458)
4(314 470 471 315)
4(314 327 483 470)
4(326 482 483 327)
4(326 339 495 482)
4(338 494 495 339)
4(102 219 220 103)
4(102 115 232 219)
4(114 231 232 115)
4(114 244 400 231)
4(243 399 400 244)
4(243 256 412 399)
4(255 411 412 256)
4(255 268 424 411)
4(267 423 424 268)
4(267 280 436 423)
4(279 435 436 280)
4(279 292 448 435)
4(291 447 448 292)
4(291 304 460 447)
4(303 459 460 304)
4(303 316 472 459)
4(315 471 472 316)
4(315 328 484 471)
4(327 483 484 328)
4(327 340 496 483)
4(339 495 496 340)
4(339 352 508 495)
4(351 507 508 352)
4(115 232 233 116)
4(115 245 401 232)
4(244 400 401 245)
4(244 257 413 400)
4(256 412 413 257)
4(256 269 425 412)
4(268 424 425 269)
4(268 281 437 424)
4(280 436 437 281)
4(280 293 449 436)
4(292 448 449 293)
4(292 305 461 448)
4(304 460 461 305)
4(304 317 473 460)
4(316 472 473 317)
4(316 329 485 472)
4(328 484 485 329)
4(328 341 497 484)
4(340 496 497 341)
4(340 353 509 496)
4(352 508 509 353)
4(352 365 521 508)
4(364 520 521 365)
4(245 401 402 246)
4(116 246 402 233)
4(245 258 414 401)
4(257 413 414 258)
4(257 270 426 413)
4(269 425 426 270)
4(269 282 438 425)
4(281 437 438 282)
4(281 294 450 437)
4(293 449 450 294)
4(293 306 462 449)
4(305 461 462 306)
4(305 318 474 461)
4(317 473 474 318)
4(317 330 486 473)
4(329 485 486 330)
4(329 342 498 485)
4(341 497 498 342)
4(341 354 510 497)
4(353 509 510 354)
4(353 366 522 509)
4(365 521 522 366)
4(365 378 534 521)
4(258 414 415 259)
4(246 259 415 402)
4(246 402 658 554)
4(546 554 658 650)
4(258 271 427 414)
4(270 426 427 271)
4(270 283 439 426)
4(282 438 439 283)
4(282 295 451 438)
4(294 450 451 295)
4(294 307 463 450)
4(306 462 463 307)
4(306 319 475 462)
4(318 474 475 319)
4(318 331 487 474)
4(330 486 487 331)
4(330 343 499 486)
4(342 498 499 343)
4(342 355 511 498)
4(354 510 511 355)
4(354 367 523 510)
4(366 522 523 367)
4(366 379 535 522)
4(271 427 428 272)
4(259 272 428 415)
4(259 415 666 562)
4(554 562 666 658)
4(554 658 659 555)
4(547 555 659 651)
4(271 284 440 427)
4(283 439 440 284)
4(283 296 452 439)
4(295 451 452 296)
4(295 308 464 451)
4(307 463 464 308)
4(307 320 476 463)
4(319 475 476 320)
4(319 332 488 475)
4(331 487 488 332)
4(331 344 500 487)
4(343 499 500 344)
4(343 356 512 499)
4(355 511 512 356)
4(355 368 524 511)
4(367 523 524 368)
4(367 380 536 523)
4(284 440 441 285)
4(272 285 441 428)
4(272 428 674 570)
4(562 570 674 666)
4(562 666 667 563)
4(555 563 667 659)
4(555 659 660 556)
4(548 556 660 652)
4(284 297 453 440)
4(296 452 453 297)
4(296 309 465 452)
4(308 464 465 309)
4(308 321 477 464)
4(320 476 477 321)
4(320 333 489 476)
4(332 488 489 333)
4(332 345 501 488)
4(344 500 501 345)
4(344 357 513 500)
4(356 512 513 357)
4(356 369 525 512)
4(368 524 525 369)
4(368 381 537 524)
4(297 453 454 298)
4(285 298 454 441)
4(285 441 682 578)
4(570 578 682 674)
4(570 674 675 571)
4(563 571 675 667)
4(563 667 668 564)
4(556 564 668 660)
4(556 660 661 557)
4(549 557 661 653)
4(297 310 466 453)
4(309 465 466 310)
4(309 322 478 465)
4(321 477 478 322)
4(321 334 490 477)
4(333 489 490 334)
4(333 346 502 489)
4(345 501 502 346)
4(345 358 514 501)
4(357 513 514 358)
4(357 370 526 513)
4(369 525 526 370)
4(369 382 538 525)
4(310 466 467 311)
4(298 311 467 454)
4(298 454 690 586)
4(578 586 690 682)
4(578 682 683 579)
4(571 579 683 675)
4(571 675 676 572)
4(564 572 676 668)
4(564 668 669 565)
4(557 565 669 661)
4(557 661 662 558)
4(550 558 662 654)
4(310 323 479 466)
4(322 478 479 323)
4(322 335 491 478)
4(334 490 491 335)
4(334 347 503 490)
4(346 502 503 347)
4(346 359 515 502)
4(358 514 515 359)
4(358 371 527 514)
4(370 526 527 371)
4(370 383 539 526)
4(323 479 480 324)
4(311 324 480 467)
4(311 467 698 594)
4(586 594 698 690)
4(586 690 691 587)
4(579 587 691 683)
4(579 683 684 580)
4(572 580 684 676)
4(572 676 677 573)
4(565 573 677 669)
4(565 669 670 566)
4(558 566 670 662)
4(558 662 663 559)
4(551 559 663 655)
4(323 336 492 479)
4(335 491 492 336)
4(335 348 504 491)
4(347 503 504 348)
4(347 360 516 503)
4(359 515 516 360)
4(359 372 528 515)
4(371 527 528 372)
4(371 384 540 527)
4(336 492 493 337)
4(324 337 493 480)
4(324 480 706 602)
4(594 602 706 698)
4(594 698 699 595)
4(587 595 699 691)
4(587 691 692 588)
4(580 588 692 684)
4(580 684 685 581)
4(573 581 685 677)
4(573 677 678 574)
4(566 574 678 670)
4(566 670 671 567)
4(559 567 671 663)
4(559 663 664 560)
4(552 560 664 656)
4(336 349 505 492)
4(348 504 505 349)
4(348 361 517 504)
4(360 516 517 361)
4(360 373 529 516)
4(372 528 529 373)
4(372 385 541 528)
4(349 505 506 350)
4(337 350 506 493)
4(337 493 714 610)
4(602 610 714 706)
4(602 706 707 603)
4(595 603 707 699)
4(595 699 700 596)
4(588 596 700 692)
4(588 692 693 589)
4(581 589 693 685)
4(581 685 686 582)
4(574 582 686 678)
4(574 678 679 575)
4(567 575 679 671)
4(567 671 672 568)
4(560 568 672 664)
4(560 664 665 561)
4(349 362 518 505)
4(361 517 518 362)
4(361 374 530 517)
4(373 529 530 374)
4(373 386 542 529)
4(362 518 519 363)
4(350 363 519 506)
4(350 506 722 618)
4(610 618 722 714)
4(610 714 715 611)
4(603 611 715 707)
4(603 707 708 604)
4(596 604 708 700)
4(596 700 701 597)
4(589 597 701 693)
4(589 693 694 590)
4(582 590 694 686)
4(582 686 687 583)
4(575 583 687 679)
4(575 679 680 576)
4(568 576 680 672)
4(568 672 673 569)
4(362 375 531 518)
4(374 530 531 375)
4(374 387 543 530)
4(375 531 532 376)
4(363 376 532 519)
4(363 519 730 626)
4(618 626 730 722)
4(618 722 723 619)
4(611 619 723 715)
4(611 715 716 612)
4(604 612 716 708)
4(604 708 709 605)
4(597 605 709 701)
4(597 701 702 598)
4(590 598 702 694)
4(590 694 695 591)
4(583 591 695 687)
4(583 687 688 584)
4(576 584 688 680)
4(576 680 681 577)
4(375 388 544 531)
4(376 389 545 532)
4(376 532 738 634)
4(626 634 738 730)
4(626 730 731 627)
4(619 627 731 723)
4(619 723 724 620)
4(612 620 724 716)
4(612 716 717 613)
4(605 613 717 709)
4(605 709 710 606)
4(598 606 710 702)
4(598 702 703 599)
4(591 599 703 695)
4(591 695 696 592)
4(584 592 696 688)
4(584 688 689 585)
4(634 642 746 738)
4(634 738 739 635)
4(627 635 739 731)
4(627 731 732 628)
4(620 628 732 724)
4(620 724 725 621)
4(613 621 725 717)
4(613 717 718 614)
4(606 614 718 710)
4(606 710 711 607)
4(599 607 711 703)
4(599 703 704 600)
4(592 600 704 696)
4(592 696 697 593)
4(635 643 747 739)
4(635 739 740 636)
4(628 636 740 732)
4(628 732 733 629)
4(621 629 733 725)
4(621 725 726 622)
4(614 622 726 718)
4(614 718 719 615)
4(607 615 719 711)
4(607 711 712 608)
4(600 608 712 704)
4(600 704 705 601)
4(636 644 748 740)
4(636 740 741 637)
4(629 637 741 733)
4(629 733 734 630)
4(622 630 734 726)
4(622 726 727 623)
4(615 623 727 719)
4(615 719 720 616)
4(608 616 720 712)
4(608 712 713 609)
4(637 645 749 741)
4(637 741 742 638)
4(630 638 742 734)
4(630 734 735 631)
4(623 631 735 727)
4(623 727 728 624)
4(616 624 728 720)
4(616 720 721 617)
4(638 646 750 742)
4(638 742 743 639)
4(631 639 743 735)
4(631 735 736 632)
4(624 632 736 728)
4(624 728 729 625)
4(639 647 751 743)
4(639 743 744 640)
4(632 640 744 736)
4(632 736 737 633)
4(640 648 752 744)
4(640 744 745 641)
4(377 533 534 378)
4(378 534 535 379)
4(379 535 536 380)
4(380 536 537 381)
4(381 537 538 382)
4(382 538 539 383)
4(383 539 540 384)
4(384 540 541 385)
4(385 541 542 386)
4(386 542 543 387)
4(387 543 544 388)
4(388 544 545 389)
4(389 545 746 642)
4(642 746 747 643)
4(643 747 748 644)
4(644 748 749 645)
4(645 749 750 646)
4(646 750 751 647)
4(647 751 752 648)
4(648 752 753 649)
4(0 117 130 13)
4(13 130 143 26)
4(26 143 156 39)
4(39 156 169 52)
4(52 169 182 65)
4(65 182 195 78)
4(78 195 208 91)
4(91 208 221 104)
4(104 221 390 234)
4(234 390 403 247)
4(247 403 416 260)
4(260 416 429 273)
4(273 429 442 286)
4(286 442 455 299)
4(299 455 468 312)
4(312 468 481 325)
4(325 481 494 338)
4(338 494 507 351)
4(351 507 520 364)
4(364 520 533 377)
4(553 561 665 657)
4(561 569 673 665)
4(569 577 681 673)
4(577 585 689 681)
4(585 593 697 689)
4(593 601 705 697)
4(601 609 713 705)
4(609 617 721 713)
4(617 625 729 721)
4(625 633 737 729)
4(633 641 745 737)
4(641 649 753 745)
4(116 546 650 233)
4(546 547 651 650)
4(547 548 652 651)
4(548 549 653 652)
4(549 550 654 653)
4(550 551 655 654)
4(551 552 656 655)
4(552 553 657 656)
4(12 25 142 129)
4(25 38 155 142)
4(38 51 168 155)
4(51 64 181 168)
4(64 77 194 181)
4(77 90 207 194)
4(90 103 220 207)
4(103 116 233 220)
4(0 1 118 117)
4(1 2 119 118)
4(2 3 120 119)
4(3 4 121 120)
4(4 5 122 121)
4(5 6 123 122)
4(6 7 124 123)
4(7 8 125 124)
4(8 9 126 125)
4(9 10 127 126)
4(10 11 128 127)
4(11 12 129 128)
4(0 13 14 1)
4(13 26 27 14)
4(26 39 40 27)
4(39 52 53 40)
4(52 65 66 53)
4(65 78 79 66)
4(78 91 92 79)
4(91 104 105 92)
4(1 14 15 2)
4(14 27 28 15)
4(27 40 41 28)
4(40 53 54 41)
4(53 66 67 54)
4(66 79 80 67)
4(79 92 93 80)
4(92 105 106 93)
4(2 15 16 3)
4(15 28 29 16)
4(28 41 42 29)
4(41 54 55 42)
4(54 67 68 55)
4(67 80 81 68)
4(80 93 94 81)
4(93 106 107 94)
4(3 16 17 4)
4(16 29 30 17)
4(29 42 43 30)
4(42 55 56 43)
4(55 68 69 56)
4(68 81 82 69)
4(81 94 95 82)
4(94 107 108 95)
4(4 17 18 5)
4(17 30 31 18)
4(30 43 44 31)
4(43 56 57 44)
4(56 69 70 57)
4(69 82 83 70)
4(82 95 96 83)
4(95 108 109 96)
4(5 18 19 6)
4(18 31 32 19)
4(31 44 45 32)
4(44 57 58 45)
4(57 70 71 58)
4(70 83 84 71)
4(83 96 97 84)
4(96 109 110 97)
4(6 19 20 7)
4(19 32 33 20)
4(32 45 46 33)
4(45 58 59 46)
4(58 71 72 59)
4(71 84 85 72)
4(84 97 98 85)
4(97 110 111 98)
4(7 20 21 8)
4(20 33 34 21)
4(33 46 47 34)
4(46 59 60 47)
4(59 72 73 60)
4(72 85 86 73)
4(85 98 99 86)
4(98 111 112 99)
4(8 21 22 9)
4(21 34 35 22)
4(34 47 48 35)
4(47 60 61 48)
4(60 73 74 61)
4(73 86 87 74)
4(86 99 100 87)
4(99 112 113 100)
4(9 22 23 10)
4(22 35 36 23)
4(35 48 49 36)
4(48 61 62 49)
4(61 74 75 62)
4(74 87 88 75)
4(87 100 101 88)
4(100 113 114 101)
4(10 23 24 11)
4(23 36 37 24)
4(36 49 50 37)
4(49 62 63 50)
4(62 75 76 63)
4(75 88 89 76)
4(88 101 102 89)
4(101 114 115 102)
4(11 24 25 12)
4(24 37 38 25)
4(37 50 51 38)
4(50 63 64 51)
4(63 76 77 64)
4(76 89 90 77)
4(89 102 103 90)
4(102 115 116 103)
4(104 234 235 105)
4(234 247 248 235)
4(247 260 261 248)
4(260 273 274 261)
4(273 286 287 274)
4(286 299 300 287)
4(299 312 313 300)
4(312 325 326 313)
4(325 338 339 326)
4(338 351 352 339)
4(351 364 365 352)
4(364 377 378 365)
4(105 235 236 106)
4(235 248 249 236)
4(248 261 262 249)
4(261 274 275 262)
4(274 287 288 275)
4(287 300 301 288)
4(300 313 314 301)
4(313 326 327 314)
4(326 339 340 327)
4(339 352 353 340)
4(352 365 366 353)
4(365 378 379 366)
4(106 236 237 107)
4(236 249 250 237)
4(249 262 263 250)
4(262 275 276 263)
4(275 288 289 276)
4(288 301 302 289)
4(301 314 315 302)
4(314 327 328 315)
4(327 340 341 328)
4(340 353 354 341)
4(353 366 367 354)
4(366 379 380 367)
4(107 237 238 108)
4(237 250 251 238)
4(250 263 264 251)
4(263 276 277 264)
4(276 289 290 277)
4(289 302 303 290)
4(302 315 316 303)
4(315 328 329 316)
4(328 341 342 329)
4(341 354 355 342)
4(354 367 368 355)
4(367 380 381 368)
4(108 238 239 109)
4(238 251 252 239)
4(251 264 265 252)
4(264 277 278 265)
4(277 290 291 278)
4(290 303 304 291)
4(303 316 317 304)
4(316 329 330 317)
4(329 342 343 330)
4(342 355 356 343)
4(355 368 369 356)
4(368 381 382 369)
4(109 239 240 110)
4(239 252 253 240)
4(252 265 266 253)
4(265 278 279 266)
4(278 291 292 279)
4(291 304 305 292)
4(304 317 318 305)
4(317 330 331 318)
4(330 343 344 331)
4(343 356 357 344)
4(356 369 370 357)
4(369 382 383 370)
4(110 240 241 111)
4(240 253 254 241)
4(253 266 267 254)
4(266 279 280 267)
4(279 292 293 280)
4(292 305 306 293)
4(305 318 319 306)
4(318 331 332 319)
4(331 344 345 332)
4(344 357 358 345)
4(357 370 371 358)
4(370 383 384 371)
4(111 241 242 112)
4(241 254 255 242)
4(254 267 268 255)
4(267 280 281 268)
4(280 293 294 281)
4(293 306 307 294)
4(306 319 320 307)
4(319 332 333 320)
4(332 345 346 333)
4(345 358 359 346)
4(358 371 372 359)
4(371 384 385 372)
4(112 242 243 113)
4(242 255 256 243)
4(255 268 269 256)
4(268 281 282 269)
4(281 294 295 282)
4(294 307 308 295)
4(307 320 321 308)
4(320 333 334 321)
4(333 346 347 334)
4(346 359 360 347)
4(359 372 373 360)
4(372 385 386 373)
4(113 243 244 114)
4(243 256 257 244)
4(256 269 270 257)
4(269 282 283 270)
4(282 295 296 283)
4(295 308 309 296)
4(308 321 322 309)
4(321 334 335 322)
4(334 347 348 335)
4(347 360 361 348)
4(360 373 374 361)
4(373 386 387 374)
4(114 244 245 115)
4(244 257 258 245)
4(257 270 271 258)
4(270 283 284 271)
4(283 296 297 284)
4(296 309 310 297)
4(309 322 323 310)
4(322 335 336 323)
4(335 348 349 336)
4(348 361 362 349)
4(361 374 375 362)
4(374 387 388 375)
4(115 245 246 116)
4(245 258 259 246)
4(258 271 272 259)
4(271 284 285 272)
4(284 297 298 285)
4(297 310 311 298)
4(310 323 324 311)
4(323 336 337 324)
4(336 349 350 337)
4(349 362 363 350)
4(362 375 376 363)
4(375 388 389 376)
4(116 246 554 546)
4(246 259 562 554)
4(259 272 570 562)
4(272 285 578 570)
4(285 298 586 578)
4(298 311 594 586)
4(311 324 602 594)
4(324 337 610 602)
4(337 350 618 610)
4(350 363 626 618)
4(363 376 634 626)
4(376 389 642 634)
4(546 554 555 547)
4(554 562 563 555)
4(562 570 571 563)
4(570 578 579 571)
4(578 586 587 579)
4(586 594 595 587)
4(594 602 603 595)
4(602 610 611 603)
4(610 618 619 611)
4(618 626 627 619)
4(626 634 635 627)
4(634 642 643 635)
4(547 555 556 548)
4(555 563 564 556)
4(563 571 572 564)
4(571 579 580 572)
4(579 587 588 580)
4(587 595 596 588)
4(595 603 604 596)
4(603 611 612 604)
4(611 619 620 612)
4(619 627 628 620)
4(627 635 636 628)
4(635 643 644 636)
4(548 556 557 549)
4(556 564 565 557)
4(564 572 573 565)
4(572 580 581 573)
4(580 588 589 581)
4(588 596 597 589)
4(596 604 605 597)
4(604 612 613 605)
4(612 620 621 613)
4(620 628 629 621)
4(628 636 637 629)
4(636 644 645 637)
4(549 557 558 550)
4(557 565 566 558)
4(565 573 574 566)
4(573 581 582 574)
4(581 589 590 582)
4(589 597 598 590)
4(597 605 606 598)
4(605 613 614 606)
4(613 621 622 614)
4(621 629 630 622)
4(629 637 638 630)
4(637 645 646 638)
4(550 558 559 551)
4(558 566 567 559)
4(566 574 575 567)
4(574 582 583 575)
4(582 590 591 583)
4(590 598 599 591)
4(598 606 607 599)
4(606 614 615 607)
4(614 622 623 615)
4(622 630 631 623)
4(630 638 639 631)
4(638 646 647 639)
4(551 559 560 552)
4(559 567 568 560)
4(567 575 576 568)
4(575 583 584 576)
4(583 591 592 584)
4(591 599 600 592)
4(599 607 608 600)
4(607 615 616 608)
4(615 623 624 616)
4(623 631 632 624)
4(631 639 640 632)
4(639 647 648 640)
4(552 560 561 553)
4(560 568 569 561)
4(568 576 577 569)
4(576 584 585 577)
4(584 592 593 585)
4(592 600 601 593)
4(600 608 609 601)
4(608 616 617 609)
4(616 624 625 617)
4(624 632 633 625)
4(632 640 641 633)
4(640 648 649 641)
4(117 118 131 130)
4(130 131 144 143)
4(143 144 157 156)
4(156 157 170 169)
4(169 170 183 182)
4(182 183 196 195)
4(195 196 209 208)
4(208 209 222 221)
4(118 119 132 131)
4(131 132 145 144)
4(144 145 158 157)
4(157 158 171 170)
4(170 171 184 183)
4(183 184 197 196)
4(196 197 210 209)
4(209 210 223 222)
4(119 120 133 132)
4(132 133 146 145)
4(145 146 159 158)
4(158 159 172 171)
4(171 172 185 184)
4(184 185 198 197)
4(197 198 211 210)
4(210 211 224 223)
4(120 121 134 133)
4(133 134 147 146)
4(146 147 160 159)
4(159 160 173 172)
4(172 173 186 185)
4(185 186 199 198)
4(198 199 212 211)
4(211 212 225 224)
4(121 122 135 134)
4(134 135 148 147)
4(147 148 161 160)
4(160 161 174 173)
4(173 174 187 186)
4(186 187 200 199)
4(199 200 213 212)
4(212 213 226 225)
4(122 123 136 135)
4(135 136 149 148)
4(148 149 162 161)
4(161 162 175 174)
4(174 175 188 187)
4(187 188 201 200)
4(200 201 214 213)
4(213 214 227 226)
4(123 124 137 136)
4(136 137 150 149)
4(149 150 163 162)
4(162 163 176 175)
4(175 176 189 188)
4(188 189 202 201)
4(201 202 215 214)
4(214 215 228 227)
4(124 125 138 137)
4(137 138 151 150)
4(150 151 164 163)
4(163 164 177 176)
4(176 177 190 189)
4(189 190 203 202)
4(202 203 216 215)
4(215 216 229 228)
4(125 126 139 138)
4(138 139 152 151)
4(151 152 165 164)
4(164 165 178 177)
4(177 178 191 190)
4(190 191 204 203)
4(203 204 217 216)
4(216 217 230 229)
4(126 127 140 139)
4(139 140 153 152)
4(152 153 166 165)
4(165 166 179 178)
4(178 179 192 191)
4(191 192 205 204)
4(204 205 218 217)
4(217 218 231 230)
4(127 128 141 140)
4(140 141 154 153)
4(153 154 167 166)
4(166 167 180 179)
4(179 180 193 192)
4(192 193 206 205)
4(205 206 219 218)
4(218 219 232 231)
4(128 129 142 141)
4(141 142 155 154)
4(154 155 168 167)
4(167 168 181 180)
4(180 181 194 193)
4(193 194 207 206)
4(206 207 220 219)
4(219 220 233 232)
4(221 222 391 390)
4(390 391 404 403)
4(403 404 417 416)
4(416 417 430 429)
4(429 430 443 442)
4(442 443 456 455)
4(455 456 469 468)
4(468 469 482 481)
4(481 482 495 494)
4(494 495 508 507)
4(507 508 521 520)
4(520 521 534 533)
4(222 223 392 391)
4(391 392 405 404)
4(404 405 418 417)
4(417 418 431 430)
4(430 431 444 443)
4(443 444 457 456)
4(456 457 470 469)
4(469 470 483 482)
4(482 483 496 495)
4(495 496 509 508)
4(508 509 522 521)
4(521 522 535 534)
4(223 224 393 392)
4(392 393 406 405)
4(405 406 419 418)
4(418 419 432 431)
4(431 432 445 444)
4(444 445 458 457)
4(457 458 471 470)
4(470 471 484 483)
4(483 484 497 496)
4(496 497 510 509)
4(509 510 523 522)
4(522 523 536 535)
4(224 225 394 393)
4(393 394 407 406)
4(406 407 420 419)
4(419 420 433 432)
4(432 433 446 445)
4(445 446 459 458)
4(458 459 472 471)
4(471 472 485 484)
4(484 485 498 497)
4(497 498 511 510)
4(510 511 524 523)
4(523 524 537 536)
4(225 226 395 394)
4(394 395 408 407)
4(407 408 421 420)
4(420 421 434 433)
4(433 434 447 446)
4(446 447 460 459)
4(459 460 473 472)
4(472 473 486 485)
4(485 486 499 498)
4(498 499 512 511)
4(511 512 525 524)
4(524 525 538 537)
4(226 227 396 395)
4(395 396 409 408)
4(408 409 422 421)
4(421 422 435 434)
4(434 435 448 447)
4(447 448 461 460)
4(460 461 474 473)
4(473 474 487 486)
4(486 487 500 499)
4(499 500 513 512)
4(512 513 526 525)
4(525 526 539 538)
4(227 228 397 396)
4(396 397 410 409)
4(409 410 423 422)
4(422 423 436 435)
4(435 436 449 448)
4(448 449 462 461)
4(461 462 475 474)
4(474 475 488 487)
4(487 488 501 500)
4(500 501 514 513)
4(513 514 527 526)
4(526 527 540 539)
4(228 229 398 397)
4(397 398 411 410)
4(410 411 424 423)
4(423 424 437 436)
4(436 437 450 449)
4(449 450 463 462)
4(462 463 476 475)
4(475 476 489 488)
4(488 489 502 501)
4(501 502 515 514)
4(514 515 528 527)
4(527 528 541 540)
4(229 230 399 398)
4(398 399 412 411)
4(411 412 425 424)
4(424 425 438 437)
4(437 438 451 450)
4(450 451 464 463)
4(463 464 477 476)
4(476 477 490 489)
4(489 490 503 502)
4(502 503 516 515)
4(515 516 529 528)
4(528 529 542 541)
4(230 231 400 399)
4(399 400 413 412)
4(412 413 426 425)
4(425 426 439 438)
4(438 439 452 451)
4(451 452 465 464)
4(464 465 478 477)
4(477 478 491 490)
4(490 491 504 503)
4(503 504 517 516)
4(516 517 530 529)
4(529 530 543 542)
4(231 232 401 400)
4(400 401 414 413)
4(413 414 427 426)
4(426 427 440 439)
4(439 440 453 452)
4(452 453 466 465)
4(465 466 479 478)
4(478 479 492 491)
4(491 492 505 504)
4(504 505 518 517)
4(517 518 531 530)
4(530 531 544 543)
4(232 233 402 401)
4(401 402 415 414)
4(414 415 428 427)
4(427 428 441 440)
4(440 441 454 453)
4(453 454 467 466)
4(466 467 480 479)
4(479 480 493 492)
4(492 493 506 505)
4(505 506 519 518)
4(518 519 532 531)
4(531 532 545 544)
4(233 650 658 402)
4(402 658 666 415)
4(415 666 674 428)
4(428 674 682 441)
4(441 682 690 454)
4(454 690 698 467)
4(467 698 706 480)
4(480 706 714 493)
4(493 714 722 506)
4(506 722 730 519)
4(519 730 738 532)
4(532 738 746 545)
4(650 651 659 658)
4(658 659 667 666)
4(666 667 675 674)
4(674 675 683 682)
4(682 683 691 690)
4(690 691 699 698)
4(698 699 707 706)
4(706 707 715 714)
4(714 715 723 722)
4(722 723 731 730)
4(730 731 739 738)
4(738 739 747 746)
4(651 652 660 659)
4(659 660 668 667)
4(667 668 676 675)
4(675 676 684 683)
4(683 684 692 691)
4(691 692 700 699)
4(699 700 708 707)
4(707 708 716 715)
4(715 716 724 723)
4(723 724 732 731)
4(731 732 740 739)
4(739 740 748 747)
4(652 653 661 660)
4(660 661 669 668)
4(668 669 677 676)
4(676 677 685 684)
4(684 685 693 692)
4(692 693 701 700)
4(700 701 709 708)
4(708 709 717 716)
4(716 717 725 724)
4(724 725 733 732)
4(732 733 741 740)
4(740 741 749 748)
4(653 654 662 661)
4(661 662 670 669)
4(669 670 678 677)
4(677 678 686 685)
4(685 686 694 693)
4(693 694 702 701)
4(701 702 710 709)
4(709 710 718 717)
4(717 718 726 725)
4(725 726 734 733)
4(733 734 742 741)
4(741 742 750 749)
4(654 655 663 662)
4(662 663 671 670)
4(670 671 679 678)
4(678 679 687 686)
4(686 687 695 694)
4(694 695 703 702)
4(702 703 711 710)
4(710 711 719 718)
4(718 719 727 726)
4(726 727 735 734)
4(734 735 743 742)
4(742 743 751 750)
4(655 656 664 663)
4(663 664 672 671)
4(671 672 680 679)
4(679 680 688 687)
4(687 688 696 695)
4(695 696 704 703)
4(703 704 712 711)
4(711 712 720 719)
4(719 720 728 727)
4(727 728 736 735)
4(735 736 744 743)
4(743 744 752 751)
4(656 657 665 664)
4(664 665 673 672)
4(672 673 681 680)
4(680 681 689 688)
4(688 689 697 696)
4(696 697 705 704)
4(704 705 713 712)
4(712 713 721 720)
4(720 721 729 728)
4(728 729 737 736)
4(736 737 745 744)
4(744 745 753 752)
)


// ************************************************************************* //
