/*--------------------------------*- C++ -*----------------------------------*\
| =========                 |                                                 |
| \\      /  F ield         | OpenFOAM: The Open Source CFD Toolbox           |
|  \\    /   O peration     | Version:  2.3.x                                 |
|   \\  /    A nd           | Web:      www.OpenFOAM.org                      |
|    \\/     M anipulation  |                                                 |
\*---------------------------------------------------------------------------*/
FoamFile
{
    version     2.0;
    format      ascii;
    class       labelList;
    note        "nPoints:754  nCells:336  nFaces:1384  nInternalFaces:632";
    location    "constant/polyMesh";
    object      owner;
}
// * * * * * * * * * * * * * * * * * * * * * * * * * * * * * * * * * * * * * //


1384
(
0
0
1
1
2
2
3
3
4
4
5
5
6
6
7
7
8
8
9
9
10
10
11
11
12
12
13
13
14
14
15
15
16
16
17
17
18
18
19
19
20
20
21
21
22
22
23
23
24
24
25
25
26
26
27
27
28
28
29
29
30
30
31
31
32
32
33
33
34
34
35
35
36
36
37
37
38
38
39
39
40
40
41
41
42
42
43
43
44
44
45
45
46
46
47
47
48
48
49
49
50
50
51
51
52
52
53
53
54
54
55
55
56
56
57
57
58
58
59
59
60
60
61
61
62
62
63
63
64
64
65
65
66
67
67
68
68
69
69
70
70
71
71
72
72
73
73
74
74
75
75
76
76
77
77
78
79
79
80
80
81
81
82
82
83
83
84
84
85
85
86
86
87
87
88
88
89
89
90
91
91
92
92
93
93
94
94
95
95
96
96
97
97
98
98
99
99
100
100
101
101
102
103
103
104
104
105
105
106
106
107
107
108
108
109
109
110
110
111
111
112
112
113
113
114
115
115
116
116
117
117
118
118
119
119
120
120
121
121
122
122
123
123
124
124
125
125
126
127
127
128
128
129
129
130
130
131
131
132
132
133
133
134
134
135
135
136
136
137
137
138
139
139
140
140
141
141
142
142
143
143
144
144
145
145
146
146
147
147
148
148
149
149
150
151
151
152
152
153
153
154
154
155
155
156
156
157
157
158
158
159
159
160
160
161
161
162
162
163
163
164
164
165
165
166
166
167
167
168
168
169
169
170
170
171
171
172
172
173
174
174
175
175
176
176
177
177
178
178
179
179
180
180
181
181
182
182
183
183
184
184
185
186
186
187
187
188
188
189
189
190
190
191
191
192
192
193
193
194
194
195
195
196
196
197
198
198
199
199
200
200
201
201
202
202
203
203
204
204
205
205
206
206
207
207
208
208
209
210
210
211
211
212
212
213
213
214
214
215
215
216
216
217
217
218
218
219
219
220
220
221
222
222
223
223
224
224
225
225
226
226
227
227
228
228
229
229
230
230
231
231
232
232
233
234
234
235
235
236
236
237
237
238
238
239
239
240
240
241
241
242
242
243
243
244
244
245
246
246
247
247
248
248
249
249
250
250
251
251
252
252
253
253
254
254
255
255
256
256
257
258
258
259
259
260
260
261
261
262
262
263
263
264
264
265
265
266
267
267
268
268
269
270
270
271
271
272
272
273
273
274
274
275
275
276
276
277
277
278
279
279
280
281
281
282
282
283
283
284
284
285
285
286
286
287
287
288
288
289
290
291
292
292
293
293
294
294
295
295
296
296
297
297
298
298
299
300
301
301
302
302
303
303
304
304
305
305
306
306
307
308
309
309
310
310
311
311
312
312
313
313
314
315
316
316
317
317
318
318
319
319
320
321
322
322
323
323
324
324
325
326
327
327
328
328
329
330
331
331
332
333
334
173
185
197
209
221
233
245
257
269
280
290
291
300
308
315
321
326
330
333
335
0
2
5
9
14
20
27
35
44
54
65
77
89
101
113
125
137
149
161
173
266
278
289
299
307
314
320
325
329
332
334
335
175
188
201
214
227
240
253
266
66
78
90
102
114
126
138
150
0
1
3
6
10
15
21
28
36
45
55
66
0
2
5
9
14
20
27
35
1
4
8
13
19
26
34
43
3
7
12
18
25
33
42
52
6
11
17
24
32
41
51
62
10
16
23
31
40
50
61
73
15
22
30
39
49
60
72
84
21
29
38
48
59
71
83
95
28
37
47
58
70
82
94
106
36
46
57
69
81
93
105
117
45
56
68
80
92
104
116
128
55
67
79
91
103
115
127
139
66
78
90
102
114
126
138
150
44
54
65
77
89
101
113
125
137
149
161
173
53
64
76
88
100
112
124
136
148
160
172
185
63
75
87
99
111
123
135
147
159
171
184
197
74
86
98
110
122
134
146
158
170
183
196
209
85
97
109
121
133
145
157
169
182
195
208
221
96
108
120
132
144
156
168
181
194
207
220
233
107
119
131
143
155
167
180
193
206
219
232
245
118
130
142
154
166
179
192
205
218
231
244
257
129
141
153
165
178
191
204
217
230
243
256
269
140
152
164
177
190
203
216
229
242
255
268
280
151
163
176
189
202
215
228
241
254
267
279
290
162
174
186
198
210
222
234
246
258
270
281
291
175
187
199
211
223
235
247
259
271
282
292
300
188
200
212
224
236
248
260
272
283
293
301
308
201
213
225
237
249
261
273
284
294
302
309
315
214
226
238
250
262
274
285
295
303
310
316
321
227
239
251
263
275
286
296
304
311
317
322
326
240
252
264
276
287
297
305
312
318
323
327
330
253
265
277
288
298
306
313
319
324
328
331
333
266
278
289
299
307
314
320
325
329
332
334
335
0
2
5
9
14
20
27
35
1
4
8
13
19
26
34
43
3
7
12
18
25
33
42
52
6
11
17
24
32
41
51
62
10
16
23
31
40
50
61
73
15
22
30
39
49
60
72
84
21
29
38
48
59
71
83
95
28
37
47
58
70
82
94
106
36
46
57
69
81
93
105
117
45
56
68
80
92
104
116
128
55
67
79
91
103
115
127
139
66
78
90
102
114
126
138
150
44
54
65
77
89
101
113
125
137
149
161
173
53
64
76
88
100
112
124
136
148
160
172
185
63
75
87
99
111
123
135
147
159
171
184
197
74
86
98
110
122
134
146
158
170
183
196
209
85
97
109
121
133
145
157
169
182
195
208
221
96
108
120
132
144
156
168
181
194
207
220
233
107
119
131
143
155
167
180
193
206
219
232
245
118
130
142
154
166
179
192
205
218
231
244
257
129
141
153
165
178
191
204
217
230
243
256
269
140
152
164
177
190
203
216
229
242
255
268
280
151
163
176
189
202
215
228
241
254
267
279
290
162
174
186
198
210
222
234
246
258
270
281
291
175
187
199
211
223
235
247
259
271
282
292
300
188
200
212
224
236
248
260
272
283
293
301
308
201
213
225
237
249
261
273
284
294
302
309
315
214
226
238
250
262
274
285
295
303
310
316
321
227
239
251
263
275
286
296
304
311
317
322
326
240
252
264
276
287
297
305
312
318
323
327
330
253
265
277
288
298
306
313
319
324
328
331
333
266
278
289
299
307
314
320
325
329
332
334
335
)


// ************************************************************************* //
